  1	cosmos_nb_b_0001	10	 1	33.720	1	29	53.30 150.3905	1.498139 m1_3 0.832
  2	cosmos_nb_b_0002	10	 1	51.700	1	33	44.10 150.4654	1.562250 m1_19 ?
  3	cosmos_nb_b_0003	10	 1	 5.070	1	33	46.90 150.2711	1.563028 m1_16 ?
  4	cosmos_nb_b_0004	10	 0	54.960	1	34	52.90 150.2290	1.581361 m1_46 0.837
  5	cosmos_nb_b_0005	10	 0	31.150	1	31	24.30 150.1298	1.523417 m1_57 0.84
  6	cosmos_nb_b_0006	10	 0	34.660	1	36	16.30 150.1444	1.604528 m1_34 ?
  7	cosmos_nb_b_0007	 9	59	 0.990	1	32	57.10 149.7541	1.549194 x x
  8	cosmos_nb_b_0008	10	 0	52.810	1	37	 8.00 150.2200	1.618889 m1_41 ?
  9	cosmos_nb_b_0009	10	 0	29.570	1	40	 5.60 150.1232	1.668222 m1_71 0.838
 10	cosmos_nb_b_0010	10	 0	 5.270	1	44	35.20 150.0220	1.743111 m1_36 0.833
 11	cosmos_nb_b_0011	 9	59	22.620	1	39	46.30 149.8442	1.662861 m1_42 ?
 12	cosmos_nb_b_0012	10	 2	46.170	1	51	33.40 150.6924	1.859278 m1_2 ?
 13	cosmos_nb_b_0013	10	 1	38.350	1	48	54.30 150.4098	1.815083 m1_61 0.837
 14	cosmos_nb_b_0014	10	 1	34.120	1	56	32.40 150.3922	1.942333 m1_37 ?
 15	cosmos_nb_b_0015	10	 1	19.460	1	52	47.20 150.3311	1.879778 m1_73 0.838
 16	cosmos_nb_b_0016	10	 0	57.650	1	54	31.40 150.2402	1.908722 m1_24 ?
 17	cosmos_nb_b_0017	10	 1	27.470	1	55	51.80 150.3645	1.931056 m1_17 0.843
 18	cosmos_nb_b_0018	10	 1	27.760	1	55	15.50 150.3657	1.920972 m2_29 ?
 19	cosmos_nb_b_0019	10	 0	39.800	1	53	 1.40 150.1658	1.883722 m1_64 0.842
 20	cosmos_nb_b_0020	10	 0	39.650	1	53	 2.90 150.1652	1.884139 m2_46 0.842
 21	cosmos_nb_b_0021	10	 0	18.520	1	53	28.70 150.0772	1.891306 m1_4 ?
 22	cosmos_nb_b_0022	10	 0	43.460	1	51	31.50 150.1811	1.858750 m1_56 ?
 23	cosmos_nb_b_0023	 9	59	49.230	1	55	56.10 149.9551	1.932250 m1_50m3_29 ?
 24	cosmos_nb_b_0024	10	 0	 7.320	1	56	26.00 150.0305	1.940556 m1_51 ?
 25	cosmos_nb_b_0025	 9	58	33.050	1	55	59.20 149.6377	1.933111 m3_13 0.403
 26	cosmos_nb_b_0026	 9	58	28.160	1	52	47.10 149.6173	1.879750 x x
 27	cosmos_nb_b_0027	10	 2	35.570	2	 1	24.70 150.6482	2.023528 m1_18 0.841
 28	cosmos_nb_b_0028	10	 2	16.990	1	58	32.90 150.5708	1.975806 m1_62 ?
 29	cosmos_nb_b_0029	10	 2	42.370	2	 5	56.60 150.6765	2.099056 m4_44
 30	cosmos_nb_b_0030	10	 1	24.920	2	 2	48.90 150.3538	2.046917 m1_14 0.837
 31	cosmos_nb_b_0031	10	 1	 2.490	2	 3	24.10 150.2604	2.056694 m2_10m4_60 0.842
 32	cosmos_nb_b_0032	10	 0	15.440	2	 2	26.40 150.0643	2.040667 m1_52 0.849
 33	cosmos_nb_b_0033	 9	58	27.080	1	59	17.30 149.6128	1.988139 m3_59 ?
 34	cosmos_nb_b_0034	10	 2	21.440	2	 7	 4.10 150.5893	2.117806 m2_28m4_63 0.842
 35	cosmos_nb_b_0035	10	 2	43.740	2	10	14.40 150.6823	2.170667 m2_ 6 ?
 36	cosmos_nb_b_0036	10	 2	27.020	2	13	 1.40 150.6126	2.217056 m4_7 ?
 37	cosmos_nb_b_0037	10	 2	24.690	2	14	36.90 150.6029	2.243583 m2_6m4_28 ?
 38	cosmos_nb_b_0038	10	 1	29.550	2	 8	12.10 150.3731	2.136694 m4_15 ?
 39	cosmos_nb_b_0039	10	 1	59.810	2	 8	16.40 150.4992	2.137889 m1_67 ?
 40	cosmos_nb_b_0040	10	 1	28.190	2	10	35.00 150.3675	2.176389 x x
 41	cosmos_nb_b_0041	10	 1	29.580	2	12	37.00 150.3733	2.210278 m1_48 ?
 42	cosmos_nb_b_0042	10	 1	26.990	2	10	48.60 150.3625	2.180167 x x
 43	cosmos_nb_b_0043	10	 0	44.760	2	12	25.30 150.1865	2.207028 m2_34m3_27m4_50 0.834
 44	cosmos_nb_b_0044	10	 0	 7.990	2	14	57.90 150.0333	2.249417 x x
 45	cosmos_nb_b_0045	10	 0	11.050	2	15	37.50 150.0460	2.260417 m3_28 0.84
 46	cosmos_nb_b_0046	10	 0	32.290	2	16	22.20 150.1345	2.272833 m3_8 ?
 47	cosmos_nb_b_0047	10	 0	 4.790	2	 9	15.40 150.0200	2.154278 m1_32 ?
 48	cosmos_nb_b_0048	10	 0	 7.640	2	14	38.30 150.0318	2.243972 m3_19 0.84
 49	cosmos_nb_b_0049	 9	59	58.360	2	13	11.30 149.9932	2.219806 m3_43m4_74 ?
 50	cosmos_nb_b_0050	10	 2	 1.300	2	18	 2.00 150.5054	2.300556 m2_68m4_27 0.842
 51	cosmos_nb_b_0051	10	 1	47.110	2	20	14.60 150.4463	2.337389 m2_45 0.836
 52	cosmos_nb_b_0052	10	 1	46.750	2	20	18.70 150.4448	2.338528 m4_78 0.836
 53	cosmos_nb_b_0053	10	 0	49.600	2	19	11.40 150.2067	2.319833 m2_55m3_68m4_43 ?
 54	cosmos_nb_b_0054	10	 1	 6.680	2	20	 8.90 150.2778	2.335806 m2_5m3_45 ?
 55	cosmos_nb_b_0055	10	 1	 2.370	2	16	59.30 150.2599	2.283139 m2_78m3_40 0.84
 56	cosmos_nb_b_0056	10	 0	37.140	2	20	26.80 150.1548	2.340778 m2_42m4_32 ?
 57	cosmos_nb_b_0057	 9	59	 1.880	2	19	12.80 149.7578	2.320222 m2_32 0.831
 58	cosmos_nb_b_0058	 9	58	30.710	2	22	36.30 149.6280	2.376750 m3_80 ?
 59	cosmos_nb_b_0059	10	 1	44.130	2	33	46.10 150.4339	2.562806 m2_60m4_59 0.403
 60	cosmos_nb_b_0060	10	 1	 2.150	2	28	51.20 150.2590	2.480889 m2_58m3_2m4_36 0.844
 61	cosmos_nb_b_0061	10	 1	13.780	2	33	12.20 150.3074	2.553389 m2_50m4_34 0.846
 62	cosmos_nb_b_0062	10	 0	21.220	2	28	54.50 150.0884	2.481806 m2_4m3_63m4_11 ?
 63	cosmos_nb_b_0063	 9	58	19.180	2	27	33.40 149.5799	2.459278 m3_51 ?
 64	cosmos_nb_b_0064	10	 0	50.610	2	40	53.00 150.2109	2.681389 m2_24m3_64m4_9 0.831
 65	cosmos_nb_b_0065	 9	59	 2.380	2	39	11.40 149.7599	2.653167 m3_47 ?
 66	cosmos_nb_b_0066	 9	59	18.350	2	40	 6.60 149.8265	2.668500 m3_24 ?
 67	cosmos_nb_b_0067	 9	58	32.720	2	37	56.10 149.6363	2.632250 m3_26 ?
 68	cosmos_nb_b_0068	10	 1	 8.190	2	47	20.90 150.2841	2.789139 m4_67 0.831
  1	cosmos_nb_f_0001	10	 1	34.690	1	29	 1.40 150.3945	1.483722 x x
  2	cosmos_nb_f_0002	10	 1	48.650	1	29	24.60 150.4527	1.490167 m1_63 ?
  3	cosmos_nb_f_0003	10	 1	36.490	1	30	 4.80 150.4020	1.501333 m1_60 ?
  4	cosmos_nb_f_0004	10	 1	48.680	1	31	 1.90 150.4528	1.517194 m1_43 ?
  5	cosmos_nb_f_0005	10	 1	45.550	1	34	 5.00 150.4398	1.568056 m1_7 ?
  6	cosmos_nb_f_0006	10	 1	28.940	1	35	 3.00 150.3706	1.584167 x x
  7	cosmos_nb_f_0007	10	 1	34.340	1	35	26.90 150.3931	1.590806 m1_74 ?
  8	cosmos_nb_f_0008	10	 1	34.800	1	35	38.20 150.3950	1.593944 x x
  9	cosmos_nb_f_0009	10	 1	28.230	1	35	40.90 150.3676	1.594694 x x
 10	cosmos_nb_f_0010	10	 1	 4.970	1	29	31.40 150.2707	1.492056 x x
 11	cosmos_nb_f_0011	10	 1	24.670	1	30	30.70 150.3528	1.508528 m1_25 ?
 12	cosmos_nb_f_0012	10	 1	12.710	1	30	40.80 150.3030	1.511333 m1_55 ?
 13	cosmos_nb_f_0013	10	 1	20.020	1	30	57.40 150.3334	1.515944 m1_29 ?
 14	cosmos_nb_f_0014	10	 1	23.930	1	31	 6.90 150.3497	1.518583 x x
 15	cosmos_nb_f_0015	10	 1	22.750	1	33	25.20 150.3448	1.557000 x x
 16	cosmos_nb_f_0016	10	 0	37.210	1	30	24.20 150.1550	1.506722 m1_13 ?
 17	cosmos_nb_f_0017	10	 0	20.340	1	33	38.20 150.0848	1.560611 m1_23 ?
 18	cosmos_nb_f_0018	 9	59	57.750	1	29	 5.20 149.9906	1.484778 m1_72 ?
 19	cosmos_nb_f_0019	 9	59	29.630	1	29	48.70 149.8735	1.496861 x x
 20	cosmos_nb_f_0020	 9	59	45.320	1	30	47.30 149.9388	1.513139 m1_65 ?
 21	cosmos_nb_f_0021	 9	59	58.240	1	31	15.50 149.9927	1.520972 m1_38 ?
 22	cosmos_nb_f_0022	 9	59	59.790	1	32	 0.60 149.9991	1.533500 x x
 23	cosmos_nb_f_0023	 9	59	22.560	1	29	 5.30 149.8440	1.484806 x x
 24	cosmos_nb_f_0024	 9	59	12.330	1	29	28.40 149.8014	1.491222 x x
 25	cosmos_nb_f_0025	 9	59	21.340	1	30	37.10 149.8389	1.510306 x x
 26	cosmos_nb_f_0026	 9	59	 0.530	1	33	38.60 149.7522	1.560722 x x
 27	cosmos_nb_f_0027	 9	59	22.380	1	36	16.00 149.8433	1.604444 m1_1 ?
 28	cosmos_nb_f_0028	 9	58	26.230	1	29	41.90 149.6093	1.494972 x x
 29	cosmos_nb_f_0029	 9	58	38.500	1	29	59.30 149.6604	1.499806 x x
 30	cosmos_nb_f_0030	 9	58	43.580	1	31	13.00 149.6816	1.520278 x x
 31	cosmos_nb_f_0031	 9	58	29.340	1	31	48.20 149.6223	1.530056 x x
 32	cosmos_nb_f_0032	 9	58	44.100	1	32	10.40 149.6838	1.536222 x x
 33	cosmos_nb_f_0033	 9	58	27.730	1	32	24.80 149.6155	1.540222 x x
 34	cosmos_nb_f_0034	 9	58	47.110	1	34	24.00 149.6963	1.573333 x x
 35	cosmos_nb_f_0035	 9	58	42.270	1	35	31.70 149.6761	1.592139 x x
 36	cosmos_nb_f_0036	 9	58	20.060	1	36	38.10 149.5836	1.610583 x x
 37	cosmos_nb_f_0037	 9	58	25.150	1	36	56.40 149.6048	1.615667 x x
 38	cosmos_nb_f_0038	10	 1	54.100	1	42	 9.60 150.4754	1.702667 m1_66 ?
 39	cosmos_nb_f_0039	10	 1	30.960	1	44	 9.70 150.3790	1.736028 m1_45 ?
 40	cosmos_nb_f_0040	10	 1	56.450	1	46	21.20 150.4852	1.772556 m1_20 ?
 41	cosmos_nb_f_0041	10	 1	 7.200	1	37	38.10 150.2800	1.627250 x x
 42	cosmos_nb_f_0042	10	 0	58.320	1	37	49.50 150.2430	1.630417 x x
 43	cosmos_nb_f_0043	10	 1	18.140	1	39	16.10 150.3256	1.654472 m1_28 ?
 44	cosmos_nb_f_0044	10	 1	23.300	1	39	36.90 150.3471	1.660250 x x
 45	cosmos_nb_f_0045	10	 1	11.590	1	41	10.40 150.2983	1.686222 m1_6 ?
 46	cosmos_nb_f_0046	10	 0	57.000	1	42	36.80 150.2375	1.710222 m1_15 ?
 47	cosmos_nb_f_0047	10	 1	20.410	1	43	19.80 150.3350	1.722167 m1_8 ?
 48	cosmos_nb_f_0048	10	 1	22.960	1	44	50.10 150.3457	1.747250 m1_5 ?
 49	cosmos_nb_f_0049	10	 1	23.170	1	44	51.10 150.3465	1.747528 x x
 50	cosmos_nb_f_0050	10	 1	16.270	1	45	30.70 150.3178	1.758528 m1_22 ?
 51	cosmos_nb_f_0051	10	 0	14.880	1	37	16.30 150.0620	1.621194 m1_47 ?
 52	cosmos_nb_f_0052	10	 0	36.340	1	37	25.90 150.1514	1.623861 x x
 53	cosmos_nb_f_0053	10	 0	37.380	1	40	30.40 150.1558	1.675111 x x
 54	cosmos_nb_f_0054	10	 0	43.420	1	43	14.60 150.1809	1.720722 m1_21 ?
 55	cosmos_nb_f_0055	10	 0	10.650	1	43	35.70 150.0444	1.726583 m1_59 ?
 56	cosmos_nb_f_0056	10	 0	14.560	1	44	23.10 150.0607	1.739750 x x
 57	cosmos_nb_f_0057	10	 0	 5.960	1	42	 1.90 150.0248	1.700528 m1_31 ?
 58	cosmos_nb_f_0058	10	 0	 4.760	1	44	 6.00 150.0198	1.735000 x x
 59	cosmos_nb_f_0059	 9	59	57.660	1	44	23.20 149.9903	1.739778 x x
 60	cosmos_nb_f_0060	 9	59	57.960	1	45	26.30 149.9915	1.757306 m1_78 ?
 61	cosmos_nb_f_0061	 9	59	13.430	1	40	 6.00 149.8060	1.668333 x x
 62	cosmos_nb_f_0062	 9	59	26.420	1	40	42.30 149.8601	1.678417 x x
 63	cosmos_nb_f_0063	 9	59	26.620	1	40	43.10 149.8609	1.678639 x x
 64	cosmos_nb_f_0064	 9	59	19.150	1	44	58.40 149.8298	1.749556 x x
 65	cosmos_nb_f_0065	 9	58	56.750	1	45	31.20 149.7365	1.758667 x x
 66	cosmos_nb_f_0066	 9	59	17.570	1	45	39.90 149.8232	1.761083 x x
 67	cosmos_nb_f_0067	 9	59	22.380	1	46	15.20 149.8433	1.770889 x x
 68	cosmos_nb_f_0068	 9	58	34.430	1	37	27.80 149.6435	1.624389 x x
 69	cosmos_nb_f_0069	 9	58	27.780	1	39	41.70 149.6157	1.661583 x x
 70	cosmos_nb_f_0070	 9	58	43.460	1	42	31.80 149.6811	1.708833 x x
 71	cosmos_nb_f_0071	10	 2	15.640	1	52	23.40 150.5652	1.873167 x x
 72	cosmos_nb_f_0072	10	 2	29.530	1	55	39.40 150.6230	1.927611 x x
 73	cosmos_nb_f_0073	10	 2	36.670	1	56	51.30 150.6528	1.947583 m4_3 ?
 74	cosmos_nb_f_0074	10	 2	26.580	1	56	57.70 150.6107	1.949361 m4_57 ?
 75	cosmos_nb_f_0075	10	 1	41.840	1	49	 2.10 150.4243	1.817250 x x
 76	cosmos_nb_f_0076	10	 1	36.330	1	52	 1.50 150.4014	1.867083 m1_54 ?
 77	cosmos_nb_f_0077	10	 1	38.890	1	53	34.50 150.4120	1.892917 m2_56m4_10 ?
 78	cosmos_nb_f_0078	10	 1	 6.500	1	48	13.70 150.2771	1.803806 x x
 79	cosmos_nb_f_0079	10	 0	57.990	1	48	14.80 150.2416	1.804111 x x
 80	cosmos_nb_f_0080	10	 0	52.410	1	51	 0.20 150.2184	1.850056 x x
 81	cosmos_nb_f_0081	10	 1	13.100	1	51	58.40 150.3046	1.866222 m2_16 ?
 82	cosmos_nb_f_0082	10	 1	 4.120	1	52	30.30 150.2672	1.875083 m2_39 0.842
 83	cosmos_nb_f_0083	10	 1	 9.930	1	53	13.00 150.2914	1.886944 x x
 84	cosmos_nb_f_0084	10	 1	27.860	1	53	26.10 150.3661	1.890583 m2_57m4_47
 85	cosmos_nb_f_0085	10	 1	17.500	1	53	54.80 150.3229	1.898556 m2_31m4_42 ?
 86	cosmos_nb_f_0086	10	 0	12.810	1	50	51.60 150.0534	1.847667 x x
 87	cosmos_nb_f_0087	10	 0	26.990	1	55	44.90 150.1125	1.929139 m2_15 ?
 88	cosmos_nb_f_0088	10	 0	 5.180	1	52	44.90 150.0216	1.879139 x x
 89	cosmos_nb_f_0089	 9	59	34.620	1	53	12.90 149.8942	1.886917 m3_31 ?
 90	cosmos_nb_f_0090	 9	59	35.050	1	56	26.40 149.8960	1.940667 x x
 91	cosmos_nb_f_0091	10	 0	 1.660	1	56	32.60 150.0069	1.942389 m3_25 ?
 92	cosmos_nb_f_0092	 9	59	44.850	1	56	37.90 149.9369	1.943861 m3_57 ?
 93	cosmos_nb_f_0093	 9	58	53.870	1	50	18.00 149.7245	1.838333 x x
 94	cosmos_nb_f_0094	 9	59	15.740	1	52	 0.10 149.8156	1.866694 m1_11 0.839
 95	cosmos_nb_f_0095	 9	59	26.470	1	54	33.90 149.8603	1.909417 m3_16 ?
 96	cosmos_nb_f_0096	 9	59	10.850	1	56	42.40 149.7952	1.945111 x x
 97	cosmos_nb_f_0097	 9	59	27.620	1	56	52.00 149.8651	1.947778 x x
 98	cosmos_nb_f_0098	 9	59	11.440	1	56	54.90 149.7977	1.948583 m3_10 ?
 99	cosmos_nb_f_0099	 9	58	12.610	1	48	56.60 149.5525	1.815722 x x
100	cosmos_nb_f_0100	 9	58	41.160	1	49	54.60 149.6715	1.831833 x x
101	cosmos_nb_f_0101	 9	58	19.190	1	52	45.70 149.5800	1.879361 x x
102	cosmos_nb_f_0102	10	 2	26.580	1	56	57.70 150.6107	1.949361 x x
103	cosmos_nb_f_0103	10	 2	42.010	1	59	39.80 150.6750	1.994389 m4_30 ?
104	cosmos_nb_f_0104	10	 2	34.000	1	59	50.40 150.6417	1.997333 x x
105	cosmos_nb_f_0105	10	 2	 8.980	2	 4	45.90 150.5374	2.079417 m2_77m4_29 0.838
106	cosmos_nb_f_0106	10	 2	40.740	2	 6	27.40 150.6697	2.107611 x x
107	cosmos_nb_f_0107	10	 1	53.270	2	 0	46.80 150.4720	2.013000 m2_30m4_40 ?
108	cosmos_nb_f_0108	10	 1	44.260	1	57	24.60 150.4344	1.956833 m2_25 ?
109	cosmos_nb_f_0109	10	 2	 5.240	2	 6	 0.10 150.5218	2.100028 m4_58 ?
110	cosmos_nb_f_0110	10	 1	43.940	2	 6	45.00 150.4331	2.112500 m2_65 ?
111	cosmos_nb_f_0111	10	 1	15.030	2	 1	38.10 150.3126	2.027250 m4_13 ?
112	cosmos_nb_f_0112	10	 0	41.010	1	57	32.30 150.1709	1.958972 m2_41 0.835
113	cosmos_nb_f_0113	10	 0	42.630	1	59	57.40 150.1776	1.999278 m4_35 ?
114	cosmos_nb_f_0114	10	 0	41.240	2	 2	12.90 150.1718	2.036917 m3_77m4_23 ?
115	cosmos_nb_f_0115	 9	59	49.020	2	 5	31.90 149.9543	2.092194 m2_75 ?
116	cosmos_nb_f_0116	 9	59	49.100	2	 6	27.20 149.9546	2.107556 m2_38 ?
117	cosmos_nb_f_0117	 9	59	25.230	2	 3	23.40 149.8551	2.056500 m2_67 ?
118	cosmos_nb_f_0118	 9	58	21.840	1	58	18.40 149.5910	1.971778 m3_79 ?
119	cosmos_nb_f_0119	 9	58	12.220	2	 3	39.80 149.5509	2.061056 m3_23 ?
120	cosmos_nb_f_0120	 9	58	46.400	2	 5	 7.00 149.6933	2.085278 x x
121	cosmos_nb_f_0121	 9	58	37.740	2	 5	 9.90 149.6573	2.086083 x x
122	cosmos_nb_f_0122	 9	58	26.780	2	 5	32.50 149.6116	2.092361 m3_35 0.827
123	cosmos_nb_f_0123	10	 2	39.420	2	 8	57.40 150.6643	2.149278 m2_27 ?
124	cosmos_nb_f_0124	10	 2	32.700	2	10	 6.10 150.6362	2.168361 m3_50m4_77 ?
125	cosmos_nb_f_0125	10	 2	13.540	2	11	31.80 150.5564	2.192167 m2_44 ?
126	cosmos_nb_f_0126	10	 2	35.400	2	12	13.80 150.6475	2.203833 m4_19 ?
127	cosmos_nb_f_0127	10	 2	 8.130	2	12	35.20 150.5339	2.209778 m4_66 ?
128	cosmos_nb_f_0128	10	 2	26.630	2	13	13.60 150.6110	2.220444 x x
129	cosmos_nb_f_0129	10	 2	13.270	2	13	39.90 150.5553	2.227750 x x
130	cosmos_nb_f_0130	10	 2	13.390	2	15	 7.30 150.5558	2.252028 x x
131	cosmos_nb_f_0131	10	 1	53.860	2	 9	51.70 150.4744	2.164361 m2_19 ?
132	cosmos_nb_f_0132	10	 1	45.190	2	 7	12.40 150.4383	2.120111 x x
133	cosmos_nb_f_0133	10	 1	38.370	2	 7	24.80 150.4099	2.123556 m2_62 ?
134	cosmos_nb_f_0134	10	 1	40.430	2	10	59.80 150.4185	2.183278 m2_43 ?
135	cosmos_nb_f_0135	10	 2	 4.240	2	16	57.40 150.5177	2.282611 m2_40 ?
136	cosmos_nb_f_0136	10	 1	 9.540	2	 7	26.00 150.2897	2.123889 m4_79 ?
137	cosmos_nb_f_0137	10	 1	20.920	2	 8	56.10 150.3372	2.148917 x x
138	cosmos_nb_f_0138	10	 1	18.750	2	12	42.80 150.3281	2.211889 m4_75 ?
139	cosmos_nb_f_0139	10	 1	 0.480	2	14	21.20 150.2520	2.239222 m4_68 ?
140	cosmos_nb_f_0140	10	 0	52.130	2	14	45.80 150.2172	2.246056 x x
141	cosmos_nb_f_0141	10	 0	51.680	2	14	48.00 150.2153	2.246667 m4_49 ?
142	cosmos_nb_f_0142	10	 1	 2.370	2	16	59.30 150.2599	2.283139 x x
143	cosmos_nb_f_0143	10	 0	41.640	2	 7	48.90 150.1735	2.130250 m2_13 ?
144	cosmos_nb_f_0144	10	 0	10.140	2	 8	23.10 150.0422	2.139750 m2_23 ?
145	cosmos_nb_f_0145	10	 0	38.070	2	 9	28.70 150.1586	2.157972 m2_59 ?
146	cosmos_nb_f_0146	10	 0	44.530	2	10	19.10 150.1855	2.171972 m3_44m4_39 ?
147	cosmos_nb_f_0147	10	 0	46.270	2	13	11.00 150.1928	2.219722 m3_6 ?
148	cosmos_nb_f_0148	 9	59	35.940	2	 9	32.30 149.8998	2.158972 m3_56 ?
149	cosmos_nb_f_0149	 9	59	48.500	2	11	 2.60 149.9521	2.184056 m3_62 ?
150	cosmos_nb_f_0150	 9	59	37.970	2	12	 0.30 149.9082	2.200083 m2_48m3_30 ?
151	cosmos_nb_f_0151	10	 0	 5.090	2	12	48.60 150.0212	2.213500 m3_7 0.848
152	cosmos_nb_f_0152	10	 0	 3.480	2	14	43.50 150.0145	2.245417 m4_1 ?
153	cosmos_nb_f_0153	 9	59	40.130	2	14	49.70 149.9172	2.247139 m2_1 ?
154	cosmos_nb_f_0154	10	 0	 1.240	2	15	16.50 150.0052	2.254583 m2_74 ?
155	cosmos_nb_f_0155	10	 0	 7.100	2	15	24.70 150.0296	2.256861 x x
156	cosmos_nb_f_0156	 9	59	59.310	2	15	34.40 149.9971	2.259556 m4_55 ?
157	cosmos_nb_f_0157	 9	59	37.090	2	16	28.20 149.9045	2.274500 m3_65 ?
158	cosmos_nb_f_0158	 9	59	24.370	2	 7	57.80 149.8515	2.132722 m3_39 ?
159	cosmos_nb_f_0159	 9	59	 1.370	2	15	48.40 149.7557	2.263444 m3_75 ?
160	cosmos_nb_f_0160	 9	59	11.400	2	16	50.60 149.7975	2.280722 m3_15 ?
161	cosmos_nb_f_0161	10	 2	24.400	2	18	20.40 150.6017	2.305667 m4_6 ?
162	cosmos_nb_f_0162	10	 2	44.370	2	19	 3.70 150.6849	2.317694 m4_41 ?
163	cosmos_nb_f_0163	10	 2	15.030	2	21	54.60 150.5626	2.365167 m4_72 ?
164	cosmos_nb_f_0164	10	 2	 4.240	2	16	57.40 150.5177	2.282611 x x
165	cosmos_nb_f_0165	10	 1	29.620	2	19	30.10 150.3734	2.325028 x x
166	cosmos_nb_f_0166	10	 0	51.880	2	17	30.80 150.2162	2.291889 x x
167	cosmos_nb_f_0167	10	 1	 7.650	2	21	13.60 150.2819	2.353778 m2_20 ?
168	cosmos_nb_f_0168	10	 0	 8.650	2	23	 4.40 150.0360	2.384556 m3_20m4_80 ?
169	cosmos_nb_f_0169	10	 0	46.080	2	23	50.00 150.1920	2.397222 m3_5m4_37  ?
170	cosmos_nb_f_0170	10	 0	47.140	2	26	14.40 150.1964	2.437333 m2_54 ?
171	cosmos_nb_f_0171	 9	59	58.970	2	20	42.90 149.9957	2.345250 m3_72m4_62 ?
172	cosmos_nb_f_0172	 9	59	 6.840	2	19	56.20 149.7785	2.332278 m3_49 ?
173	cosmos_nb_f_0173	 9	58	56.480	2	20	 4.70 149.7353	2.334639 m3_1 ?
174	cosmos_nb_f_0174	 9	58	57.940	2	20	20.40 149.7414	2.339000 x x
175	cosmos_nb_f_0175	 9	58	51.920	2	20	56.40 149.7163	2.349000 x x
176	cosmos_nb_f_0176	 9	58	58.570	2	21	 1.30 149.7440	2.350361 x x
177	cosmos_nb_f_0177	 9	59	26.290	2	21	45.90 149.8595	2.362750 m3_71 ?
178	cosmos_nb_f_0178	 9	58	45.340	2	18	42.80 149.6889	2.311889 m3_74
179	cosmos_nb_f_0179	 9	58	32.100	2	22	20.40 149.6337	2.372333 x x
180	cosmos_nb_f_0180	 9	58	29.080	2	24	56.20 149.6212	2.415611 m3_21 0.843
181	cosmos_nb_f_0181	10	 1	51.100	2	32	34.20 150.4629	2.542833 m2_64 ?
182	cosmos_nb_f_0182	10	 1	10.390	2	29	 6.00 150.2933	2.485000 m2_14 ?
183	cosmos_nb_f_0183	10	 1	 7.530	2	31	29.00 150.2814	2.524722 m3_22m4_54 ?
184	cosmos_nb_f_0184	10	 1	24.790	2	34	45.00 150.3533	2.579167 m2_76 ?
185	cosmos_nb_f_0185	10	 1	23.210	2	34	46.30 150.3467	2.579528 m4_33 ?
186	cosmos_nb_f_0186	 9	59	28.660	2	32	14.60 149.8694	2.537389 x x
187	cosmos_nb_f_0187	10	 0	 3.730	2	32	38.10 150.0155	2.543917 m3_12m4_52 ?
188	cosmos_nb_f_0188	 9	59	38.010	2	33	24.90 149.9084	2.556917 x x
189	cosmos_nb_f_0189	 9	59	35.240	2	33	39.90 149.8968	2.561083 m3_14 ?
190	cosmos_nb_f_0190	 9	59	53.240	2	33	52.10 149.9718	2.564472 m3_69 ?
191	cosmos_nb_f_0191	10	 0	 4.220	2	36	42.40 150.0176	2.611778 m3_38 ?
192	cosmos_nb_f_0192	 9	59	 4.430	2	30	36.90 149.7685	2.510250 m3_70 ?
193	cosmos_nb_f_0193	 9	58	51.430	2	36	42.60 149.7143	2.611833 m3_66 ?
194	cosmos_nb_f_0194	 9	58	24.250	2	33	21.50 149.6010	2.555972 m3_4 ?
195	cosmos_nb_f_0195	 9	58	38.550	2	34	45.30 149.6606	2.579250 m3_9 ?
196	cosmos_nb_f_0196	 9	58	38.010	2	35	 8.10 149.6584	2.585583 x x
197	cosmos_nb_f_0197	10	 2	14.670	2	37	19.80 150.5611	2.622167 m4_14 ?
198	cosmos_nb_f_0198	10	 2	46.190	2	41	47.80 150.6925	2.696611 m4_38 ?
199	cosmos_nb_f_0199	10	 2	10.290	2	44	 7.30 150.5429	2.735361 m2_37 ?
200	cosmos_nb_f_0200	10	 2	43.020	2	46	18.60 150.6792	2.771833 m4_17 ?
201	cosmos_nb_f_0201	10	 1	39.370	2	38	29.70 150.4140	2.641583 m2_17 ?
202	cosmos_nb_f_0202	10	 1	21.970	2	45	30.20 150.3415	2.758389 m4_48 ?
203	cosmos_nb_f_0203	10	 0	12.150	2	38	20.50 150.0506	2.639028 m3_60m4_53 ?
204	cosmos_nb_f_0204	10	 0	47.500	2	44	28.90 150.1979	2.741361 m4_26 ?
205	cosmos_nb_f_0205	 9	59	48.530	2	38	12.60 149.9522	2.636833 m3_76 ?
206	cosmos_nb_f_0206	 9	59	36.120	2	40	23.60 149.9005	2.673222 x x
207	cosmos_nb_f_0207	 9	59	35.870	2	45	 3.50 149.8995	2.750972 x x
208	cosmos_nb_f_0208	 9	59	19.150	2	44	 7.30 149.8298	2.735361 x x
209	cosmos_nb_f_0209	 9	58	46.020	2	38	28.70 149.6918	2.641306 x x
210	cosmos_nb_f_0210	 9	58	38.440	2	43	27.20 149.6602	2.724222 m3_33 ?
211	cosmos_nb_f_0211	10	 2	40.260	2	49	55.30 150.6678	2.832028 x x
212	cosmos_nb_f_0212	10	 1	42.480	2	49	58.70 150.4270	2.832972 m4_24 ?
213	cosmos_nb_f_0213	10	 0	25.590	2	47	44.90 150.1066	2.795806 m2_70 0.843
214	cosmos_nb_f_0214	 9	59	44.900	2	47	 5.20 149.9371	2.784778 x x
215	cosmos_nb_f_0215	 9	58	20.210	2	48	15.10 149.5842	2.804194 x x
216	cosmos_nb_f_0216	 9	58	20.350	2	48	15.20 149.5848	2.804222 x x
217	cosmos_nb_f_0217	 9	58	20.630	2	49	36.20 149.5860	2.826722 x x
 17	cosmos_y2z_0017 	10	 0	25.270	1	58	52.00 150.1053	1.981111 j1_30 0.372
 18	cosmos_y2z_0018 	10	 2	30.670	2	44	27.40 150.6278	2.740944 j2_60 ?
 19	cosmos_y2z_0019 	 9	58	44.540	1	48	45.80 149.6856	1.812722 j4_60 0.361
 20	cosmos_y23_0020 	 9	58	14.870	2	29	38.90 149.5620	2.494139 j3_43 0.481
 21	cosmos_y23_0021 	10	 2	31.450	2	39	42.70 150.6310	2.661861 j2_55j5_19 0.505
 22	cosmos_y2z_0022 	 9	59	21.680	2	 9	 5.70 149.8403	2.151583 j3_42j4_61 0.354
 23	cosmos_y2z_0023 	10	 0	28.450	2	24	55.80 150.1185	2.415500 j2_47j5_13 0.837
 24	cosmos_y2z_0024 	 9	58	37.380	2	36	 2.70 149.6558	2.600750 j3_17 0.732
 25	cosmos_y2z_0025 	 9	59	29.810	1	35	31.60 149.8742	1.592111 j4_69 0.758
 26	cosmos_y2z_0026 	10	 2	40.590	2	44	54.10 150.6691	2.748361 j2_12f3_43 0.307
 27	cosmos_y2z_0027 	10	 1	33.660	1	54	51.90 150.3903	1.914417 j1_7 0.843
 28	cosmos_y2z_0028 	 9	59	 8.270	2	47	50.20 149.7845	2.797278 j3_57 0.327
 29	cosmos_y2z_0029 	 9	59	29.030	2	 0	 4.80 149.8710	2.001333 j1_78j4_56 0.765
 30	cosmos_y2z_0030 	 9	58	 6.110	1	56	56.10 149.5255	1.948917 j4_29 0.371
 31	cosmos_y23_0031 	 9	58	53.090	2	35	39.70 149.7212	2.594361 j5_57 0.439
 32	cosmos_y2z_0032 	10	 1	36.830	2	 6	55.80 150.4035	2.115500 j1_16j2_78 0.848
 33	cosmos_y2z_0033 	10	 1	19.450	1	52	47.10 150.3310	1.879750 j1_29 0.838
 34	cosmos_y23_0034 	 9	59	24.920	2	45	32.00 149.8538	2.758889 j3_61 0.478
 35	cosmos_y23_0035 	 9	59	53.940	2	40	43.30 149.9748	2.678694 j2_21 0.537
 36	cosmos_y2z_0036 	10	 3	 5.830	2	23	59.50 150.7743	2.399861 j2_6 0.341
 37	cosmos_y2z_0037 	10	 3	 4.220	2	48	29.90 150.7676	2.808306 j2_64 0.816
 38	cosmos_y2z_0038 	10	 2	54.370	1	47	44.50 150.7265	1.795694 j1_26 0.825
 39	cosmos_y2z_0039 	10	 3	13.760	2	38	42.30 150.8073	2.645083 j2_2f3_8 0.811
 40	cosmos_y2z_0040 	10	 0	26.720	2	15	13.80 150.1113	2.253833 j1_9f4_73f6_41 0.775
 41	cosmos_y2z_0041 	10	 1	34.730	2	13	30.10 150.3947	2.225028 j1_14j5_3 0.370
 42	cosmos_y23_0042 	 9	58	34.560	2	43	19.70 149.6440	2.722139 j3_73 ?
 43	cosmos_y23_0043 	 9	59	15.130	2	36	33.60 149.8130	2.609333 j5_75 0.427
 44	cosmos_y2z_0044 	 9	58	31.340	2	23	12.70 149.6306	2.386861 j3_3 0.339
 45	cosmos_y2z_0045 	10	 1	32.020	2	22	18.90 150.3834	2.371917 j2_15j5_61 0.850
 46	cosmos_y2z_0046 	10	 0	49.250	2	29	17.00 150.2052	2.488056 j2_54j5_16 0.778
 47	cosmos_y2z_0047 	10	 2	 8.150	2	32	13.40 150.5340	2.537056 j2_39j5_39 0.346
 48	cosmos_y2z_0048 	10	 1	57.140	2	27	15.60 150.4881	2.454333 j2_56j5_26 0.743
 49	cosmos_y2z_0049 	 9	59	31.690	2	36	50.90 149.8820	2.614139 j3_2j5_35 x
 50	cosmos_y2z_0050 	 9	59	49.170	2	37	 0.00 149.9549	2.616667 j3_68 0.334
 51	cosmos_y2z_0051 	10	 2	35.570	2	 1	24.60 150.6482	2.023500 j1_19 0.840
 52	cosmos_y2z_0052 	 9	59	20.170	1	41	 3.40 149.8340	1.684278 j4_16 0.751
 53	cosmos_y2z_0053 	10	 1	18.870	1	49	36.60 150.3286	1.826833 j1_10 0.812
 54	cosmos_y2z_0054 	10	 3	 4.190	1	57	 3.80 150.7675	1.951056 j1_42 0.835
 55	cosmos_y2z_0055 	10	 0	41.590	2	37	44.20 150.1733	2.628944 j5_33 0.323
 56	cosmos_y2z_0056 	 9	59	42.410	2	38	46.80 149.9267	2.646333 j3_21f3_1f6_66 ?
 57	cosmos_y2z_0057 	10	 1	33.290	2	50	13.40 150.3887	2.837056 j2_58j5_36 0.816
 58	cosmos_y2z_0058 	10	 1	23.800	2	34	30.00 150.3492	2.575000 j2_80j5_64 0.730
 59	cosmos_y23_0059 	 9	59	54.390	2	 7	59.80 149.9766	2.133278 j4_10f4_24f6_25 0.954
 60	cosmos_y2z_0060 	10	 1	48.900	2	 2	34.40 150.4538	2.042889 j1_61 0.841
 61	cosmos_y2z_0061 	 9	59	16.400	2	39	38.60 149.8183	2.660722 j3_60 0.754
 62	cosmos_y23_0062 	 9	58	14.780	2	 8	36.90 149.5616	2.143583 j3_15 0.435
 63	cosmos_y23_0063 	10	 1	 2.940	2	37	40.50 150.2622	2.627917 j2_73j5_59 x
 64	cosmos_y23_0064 	 9	58	51.540	1	47	39.50 149.7148	1.794306 j4_6f5_60f6_15 0.995
 65	cosmos_y2z_0065 	10	 0	38.730	2	 4	15.80 150.1614	2.071056 j1_4 0.748
 66	cosmos_y2z_0066 	10	 0	55.370	2	 2	54.90 150.2307	2.048583 j1_50 0.830
 67	cosmos_y23_0067 	10	 2	53.330	2	39	29.80 150.7222	2.658278 j2_63 ?
 68	cosmos_y2z_0068 	 9	59	58.130	1	30	51.40 149.9922	1.514278 j4_7f5_26 0.778
 69	cosmos_y2z_0069 	10	 1	 0.830	2	21	 5.80 150.2535	2.351611 j1_56f2_10f3_44 0.749
 70	cosmos_y23_0070 	10	 1	53.400	2	45	11.50 150.4725	2.753194 j5_53 0.914
 71	cosmos_y2z_0071 	 9	58	55.100	2	29	27.70 149.7296	2.491028 j3_39 0.832
 72	cosmos_y2z_0072 	 9	59	16.070	2	19	56.20 149.8170	2.332278 j3_27j5_63 0.760
 73	cosmos_y2z_0073 	10	 2	34.270	2	48	31.00 150.6428	2.808611 j2_37 0.728
 74	cosmos_y23_0074 	10	 1	31.890	2	28	39.50 150.3829	2.477639 j2_23j5_27 0.472
 75	cosmos_y2z_0075 	 9	59	42.040	2	44	 6.80 149.9252	2.735222 j3_53 0.823
 76	cosmos_y2z_0076 	10	 2	31.850	1	39	24.20 150.6327	1.656722 j1_40 0.831
 77	cosmos_y23_0077 	 9	59	 6.920	2	23	55.40 149.7788	2.398722 j3_26f6_57 x
 78	cosmos_y23_0078 	 9	58	 4.680	1	49	50.10 149.5195	1.830583 j4_43f5_47 0.988
 79	cosmos_y23_0079 	10	 1	 0.840	1	42	54.70 150.2535	1.715194 j1_38 ?
 80	cosmos_y23_0080 	10	 0	11.620	2	37	44.10 150.0484	2.628917 j2_81f4_2 x
 81	cosmos_y2z_0081 	10	 1	54.320	2	28	23.40 150.4763	2.473167 j2_31j5_6 0.833
 82	cosmos_y23_0082 	10	 2	33.780	1	59	29.80 150.6407	1.991611 j1_70f1_53f2_73 ?
 83	cosmos_y2z_0083 	 9	57	44.470	1	49	54.80 149.4353	1.831889 j4_72 0.819
 84	cosmos_y23_0084 	 9	58	26.280	2	 3	26.90 149.6095	2.057472 j3_30j4_50 0.500
 85	cosmos_y23_0085 	10	 2	 6.750	2	26	50.20 150.5281	2.447278 j2_65f2_49 0.931
 86	cosmos_y2z_0086 	10	 2	39.060	2	41	26.90 150.6627	2.690806 j5_67 x 
 87	cosmos_y2z_0087 	10	 3	 0.040	1	49	28.30 150.7502	1.824528 j1_6 0.827 
 88	cosmos_y23_0088 	10	 2	 2.700	2	44	53.20 150.5112	2.748111 j2_76 x
 89	cosmos_y2z_0089 	10	 1	53.160	1	46	26.20 150.4715	1.773944 j1_63 0.833
 90	cosmos_y2z_0090 	10	 1	37.740	1	30	 7.10 150.4073	1.501972 j1_55 0.836
 91	cosmos_y23_0091 	10	 2	22.820	2	39	55.50 150.5951	2.665417 j2_18 0.879
 92	cosmos_y2z_0092 	10	 0	18.820	2	27	 9.00 150.0784	2.452500 j5_74 x
 93	cosmos_y2z_0093 	 9	59	27.300	2	29	37.80 149.8638	2.493833 j3_44 0.733
 94	cosmos_y2z_0094 	 9	59	57.910	1	50	11.20 149.9913	1.836444 j4_5f1_59f5_16 0.791
 95	cosmos_y2z_0095 	 9	59	41.040	2	28	21.80 149.9210	2.472722 j3_65 0.756
 96	cosmos_y23_0096 	10	 1	39.810	2	21	47.90 150.4159	2.363306 j1_47j5_42 0.925
 97	cosmos_y2z_0097 	10	 2	10.080	2	49	 5.40 150.5420	2.818167 j2_14j5_17f3_2 0.830
 98	cosmos_y23_0098 	10	 0	 5.800	2	41	46.20 150.0242	2.696167 j2_11j5_50 0.923
 99	cosmos_y23_0099 	 9	59	13.960	1	38	11.40 149.8082	1.636500 j4_57 0.459
100	cosmos_y2z_0100 	 9	58	 0.820	1	47	 9.10 149.5034	1.785861 j4_47 0.790
101	cosmos_y23_0101 	10	 1	45.930	2	 9	18.90 150.4414	2.155250 j1_58 0.538
102	cosmos_y23_0102 	 9	58	52.920	2	27	31.30 149.7205	2.458694 j3_6 x
103	cosmos_y2z_0103 	 9	59	31.020	1	34	56.30 149.8793	1.582306 f5_40 0.783
104	cosmos_y2z_0104 	10	 2	23.360	2	 0	48.70 150.5973	2.013528 f1_34f2_14 0.796
105	cosmos_y23_0105 	 9	58	33.320	2	 3	23.20 149.6388	2.056444 j3_55f5_64 0.974
106	cosmos_y2z_0106 	10	 2	23.130	2	47	 4.70 150.5964	2.784639 j2_17f3_5 0.795
107	cosmos_y23_0107 	10	 0	31.230	2	 0	46.30 150.1301	2.012861 f1_70 x
108	cosmos_y23_0108 	 9	59	 6.400	2	35	41.90 149.7767	2.594972 f4_43 0.492
109	cosmos_y2z_0109 	 9	59	17.150	1	51	10.20 149.8215	1.852833 j4_63f5_12f6_53 0.741
110	cosmos_y23_0110 	 9	58	12.860	2	34	 2.00 149.5536	2.567222 j3_13f4_76f6_67 ?
111	cosmos_y23_0111 	 9	57	59.510	2	42	15.90 149.4980	2.704417 j3_56f4_69f6_63 0.879
112	cosmos_y2z_0112 	10	 1	46.760	2	 1	37.40 150.4448	2.027056 j1_21 0.849
113	cosmos_y23_0113 	 9	58	26.830	1	38	23.60 149.6118	1.639889 j4_36 0.469
114	cosmos_y23_0114 	10	 2	36.990	2	11	 0.40 150.6541	2.183444 j1_53j2_30 ?
115	cosmos_y23_0115 	10	 1	47.660	1	40	18.30 150.4486	1.671750 j1_24 x
116	cosmos_y2z_0116 	10	 1	56.680	1	39	52.80 150.4862	1.664667 j1_3 0.833
117	cosmos_y23_0117 	 9	57	48.890	2	18	39.20 149.4537	2.310889 j3_14f4_35 ?
118	cosmos_y23_0118 	 9	59	30.200	2	10	43.80 149.8758	2.178833 j1_71 0.886
119	cosmos_y23_0119 	 9	59	41.980	2	40	46.50 149.9249	2.679583 j5_20 0.438
120	cosmos_y23_0120 	10	 0	36.390	1	40	47.50 150.1516	1.679861 j1_57 0.899
121	cosmos_y23_0121 	 9	59	54.700	2	36	40.60 149.9779	2.611278 j2_36f3_46f4_21f6_11 0.526
122	cosmos_y23_0122 	10	 2	39.560	1	47	43.60 150.6648	1.795444 f1_7f2_9 ? 
123	cosmos_y23_0123 	 9	59	20.660	2	 7	51.30 149.8361	2.130917 j3_62f4_28f6_7 0.950
124	cosmos_y23_0124 	 9	59	41.020	2	33	52.90 149.9209	2.564694 j3_19 0.891
125	cosmos_y23_0125 	10	 2	30.280	2	 3	26.60 150.6262	2.057389 j1_2f2_38 x
126	cosmos_y23_0126 	 9	59	32.880	1	55	12.60 149.8870	1.920167 j1_39j4_55 0.931
127	cosmos_y23_0127 	10	 1	41.240	1	43	17.10 150.4218	1.721417 j1_54 0.968
128	cosmos_y23_0128 	10	 0	24.320	2	 7	 2.20 150.1013	2.117278 j5_44f1_3 ?
129	cosmos_y23_0129 	10	 1	24.890	2	20	10.50 150.3537	2.336250 j2_13j5_29f2_46f3_37 0.926
130	cosmos_y23_0130 	10	 1	20.810	1	38	59.20 150.3367	1.649778 f1_57 ?
131	cosmos_y23_0131 	10	 2	30.410	2	37	34.20 150.6267	2.626167 j5_5f2_23f3_42 x
132	cosmos_y23_0132 	10	 2	55.610	2	48	20.70 150.7317	2.805750 f3_19 0.969
133	cosmos_y23_0133 	 9	59	 2.820	1	36	52.50 149.7618	1.614583 j4_3f5_42 ?
134	cosmos_y23_0134 	10	 1	11.070	2	44	30.50 150.2961	2.741806 j2_9j5_65 ?
135	cosmos_y2z_0135 	10	 2	34.820	2	 2	 9.00 150.6451	2.035833 j1_69f1_11 ?
136	cosmos_y23_0136 	 9	58	50.630	2	18	23.20 149.7110	2.306444 j3_74 0.902
137	cosmos_y23_0137 	 9	59	14.050	2	35	53.90 149.8085	2.598306 f4_60 0.472
138	cosmos_y23_0138 	10	 0	43.060	2	 1	45.40 150.1794	2.029278 j1_20 0.435
139	cosmos_y23_0139 	10	 0	50.440	2	12	10.50 150.2102	2.202917 j1_31 0.502
140	cosmos_y23_0140 	10	 2	32.960	2	27	28.80 150.6373	2.458000 f2_54f3_41 ?
141	cosmos_y23_0141 	10	 2	15.760	2	 8	 8.50 150.5657	2.135694 j1_17j2_29 0.926
142	cosmos_y23_0142 	 9	58	12.960	2	35	52.10 149.5540	2.597806 j3_48 0.928
143	cosmos_y23_0143 	10	 0	 4.290	1	55	39.10 150.0179	1.927528 j4_2f1_77f5_10f6_ ?
144	cosmos_y23_0144 	 9	58	58.260	2	11	49.90 149.7428	2.197194 j3_59j4_42 x
145	cosmos_y23_0145 	 9	59	 9.990	2	35	20.90 149.7916	2.589139 j5_31f4_55 0.478
146	cosmos_y23_0146 	 9	58	25.390	2	20	22.20 149.6058	2.339500 j3_24f4_32f6_9 ?
147	cosmos_y23_0147 	10	 2	16.100	2	 1	39.40 150.5671	2.027611 f1_67f2_55 ?
148	cosmos_y23_0148 	10	 3	10.420	2	40	29.30 150.7934	2.674806 j2_22f2_45f3_38 ?
149	cosmos_y23_0149 	 9	58	35.230	2	22	59.60 149.6468	2.383222 j3_7f4_75f6_55 x
150	cosmos_y23_0150 	10	 0	29.770	2	32	 1.80 150.1240	2.533833 j2_61j5_47 x
151	cosmos_y23_0151 	10	 0	34.190	2	47	 8.10 150.1425	2.785583 j2_4j5_56 ?
152	cosmos_y23_0152 	 9	58	31.810	2	 5	30.10 149.6325	2.091694 j4_21f6_42 x
153	cosmos_y23_0153 	10	 0	 4.890	2	31	14.10 150.0204	2.520583 j3_69f3_36f4_36f6_17 ?
154	cosmos_y23_0154 	10	 0	39.070	2	38	21.20 150.1628	2.639222 j2_50f3_47f4_67 x
155	cosmos_y23_0155 	 9	58	25.910	2	18	39.60 149.6080	2.311000 j3_54 ?
156	cosmos_y23_0156 	10	 1	57.150	2	47	 1.30 150.4881	2.783694 j2_49f3_69 ?
157	cosmos_y23_0157 	 9	58	43.730	2	46	30.30 149.6822	2.775083 j3_16f4_30 ?
158	cosmos_y23_0158 	10	 0	14.440	2	46	27.80 150.0602	2.774389 j5_9f3_78f4_17 ?
159	cosmos_y23_0159 	10	 2	20.930	2	43	39.90 150.5872	2.727750 j5_21 ?
160	cosmos_y23_0160 	 9	57	57.750	2	34	 1.60 149.4906	2.567111 j3_9 0.905
161	cosmos_y23_0161 	 9	57	45.890	2	36	47.70 149.4412	2.613250 j3_33f6_50 ?
162	cosmos_y23_0162 	10	 1	11.550	1	56	35.10 150.2981	1.943083 j1_13f1_50f2_63 ?
163	cosmos_y23_0163 	10	 1	16.600	1	57	32.20 150.3192	1.958944 j1_28 ?
164	cosmos_y23_0164 	10	 2	52.770	2	25	17.90 150.7199	2.421639 j2_43 x
165	cosmos_y23_0165 	10	 2	12.570	2	19	39.10 150.5524	2.327528 j2_25j5_18 x
166	cosmos_y23_0166 	10	 1	49.340	2	44	29.80 150.4556	2.741611 f3_26 0.920
167	cosmos_y23_0167 	10	 1	45.250	2	45	33.60 150.4385	2.759333 j2_24j5_60 x
168	cosmos_y23_0168 	10	 0	49.160	2	11	53.10 150.2048	2.198083 j2_79j5_38 x
169	cosmos_y23_0169 	10	 2	 3.290	2	15	51.30 150.5137	2.264250 j1_67j2_57 x
170	cosmos_y23_0170 	 9	57	38.780	2	45	54.80 149.4116	2.765222 j3_32 x
171	cosmos_y23_0171 	10	 0	 4.180	1	46	43.00 150.0174	1.778611 j1_65f1_39 x
172	cosmos_y23_0172 	10	 2	 5.650	1	38	49.00 150.5235	1.646944 f1_54 x
173	cosmos_y2z_0173 	10	 0	16.410	2	 7	 9.10 150.0684	2.119194 j1_34f6_6 x
174	cosmos_y23_0174 	 9	57	23.510	1	48	31.60 149.3480	1.808778 j4_53f5_46 ?
175	cosmos_y23_0175 	 9	57	38.720	1	56	30.80 149.4113	1.941889 j4_65f5_3f6_32 0.993
176	cosmos_y2z_0176 	 9	57	 6.640	2	 2	29.20 149.2777	2.041444 j4_44 0.718
177	cosmos_y23_0177 	 9	57	23.830	1	58	51.30 149.3493	1.980917 j4_31 x
178	cosmos_y23_0178 	 9	57	35.020	2	24	54.80 149.3959	2.415222 j3_37f4_44f6_48 x
179	cosmos_y2z_0179 	10	 0	22.770	2	54	52.90 150.0949	2.914694 j5_66 0.732
180	cosmos_y23_0180 	 9	57	18.900	2	25	57.40 149.3288	2.432611 j3_47f4_1f6_70 ?
181	cosmos_y2z_0181 	10	 1	11.630	3	 0	20.60 150.2985	3.005722 j2_70j5_48 0.730
182	cosmos_y2z_0182 	10	 1	 1.430	3	 1	29.80 150.2560	3.024944 f3_68 0.861
183	cosmos_y2z_0183 	10	 0	32.430	1	28	 3.20 150.1351	1.467556 f5_25 0.344
184	cosmos_y2z_0184 	10	 1	 5.680	1	29	50.00 150.2737	1.497222 j1_76 0.724
185	cosmos_y2z_0185 	 9	58	50.240	1	26	48.10 149.7093	1.446694 j4_27 0.788
186	cosmos_y2z_0186 	 9	59	 6.570	1	26	33.10 149.7774	1.442528 j4_48f5_14 0.784
187	cosmos_y23_0187 	 9	57	28.190	2	 2	 2.80 149.3675	2.034111 j4_4f6_64 x
188	cosmos_y2z_0188 	10	 3	38.030	2	32	27.20 150.9085	2.540889 f2_36 0.833
189	cosmos_y23_0189 	 9	57	37.010	2	 2	59.50 149.4042	2.049861 j3_40 0.863
190	cosmos_y2z_0190 	10	 3	19.840	2	21	48.00 150.8327	2.363333 j2_27 0.363
191	cosmos_y2z_0191 	 9	57	25.280	2	33	23.20 149.3553	2.556444 j3_20 0.819
192	cosmos_y2z_0192 	 9	57	10.510	2	16	13.80 149.2938	2.270500 j3_22 0.847
193	cosmos_y2z_0193 	 9	57	11.160	2	11	 4.00 149.2965	2.184444 j3_34 0.828
194	cosmos_y2z_0194 	10	 3	43.050	2	13	29.60 150.9294	2.224889 f2_67 0.727
195	cosmos_y2z_0195 	10	 3	32.680	2	 8	 8.00 150.8862	2.135556 f2_5 0.367
196	cosmos_y23_0196 	 9	57	21.080	1	51	48.60 149.3378	1.863500 j4_73f5_66 0.478
  1	cosmos_rem_0001 	 9	59	 2.820	1	36	52.50 149.7618	1.614583 x x
  2	cosmos_rem_0002 	10	 1	47.660	1	40	18.30 150.4486	1.671750 x x
  3	cosmos_rem_0003 	10	 2	 5.650	1	38	49.00 150.5235	1.646944 x x
  4	cosmos_rem_0004 	10	 2	 5.600	1	39	20.70 150.5233	1.655750 x x
  5	cosmos_rem_0005 	10	 1	20.810	1	38	59.20 150.3367	1.649778 x x
  6	cosmos_rem_0006 	10	 0	 4.180	1	46	43.00 150.0174	1.778611 x x
  7	cosmos_rem_0007 	 9	59	 8.300	1	45	 3.40 149.7846	1.750944 x x
  8	cosmos_rem_0008 	10	 2	39.560	1	47	43.60 150.6648	1.795444 x x
  9	cosmos_rem_0009 	10	 1	26.260	1	56	22.50 150.3594	1.939583 x x
 10	cosmos_rem_0010 	10	 1	11.550	1	56	35.10 150.2981	1.943083 x x
 11	cosmos_rem_0011 	10	 0	16.840	1	48	48.10 150.0702	1.813361 x x
 12	cosmos_rem_0012 	10	 0	31.110	1	56	 7.90 150.1296	1.935528 x x
 13	cosmos_rem_0013 	10	 0	 4.290	1	55	39.10 150.0179	1.927528 x x
 14	cosmos_rem_0014 	 9	58	51.540	1	47	39.50 149.7148	1.794306 x x
 15	cosmos_rem_0015 	 9	59	20.560	1	47	46.60 149.8357	1.796278 x x
 16	cosmos_rem_0016 	 9	58	 8.610	1	48	19.50 149.5359	1.805417 x x
 17	cosmos_rem_0017 	 9	58	 4.680	1	49	50.10 149.5195	1.830583 x x
 18	cosmos_rem_0018 	 9	57	 4.170	1	53	49.30 149.2674	1.897028 x x
 19	cosmos_rem_0019 	 9	57	38.720	1	56	30.80 149.4113	1.941889 x x
 20	cosmos_rem_0020 	 9	57	23.510	1	48	31.60 149.3480	1.808778 x x
 21	cosmos_rem_0021 	 9	57	21.080	1	51	48.60 149.3378	1.863500 x x
 22	cosmos_rem_0022 	10	 3	10.130	2	 6	40.00 150.7922	2.111111 f2_6 x
 23	cosmos_rem_0023 	10	 2	33.780	1	59	29.80 150.6407	1.991611 x x
 24	cosmos_rem_0024 	10	 2	16.100	2	 1	39.40 150.5671	2.027611 x x
 25	cosmos_rem_0025 	10	 2	30.280	2	 3	26.60 150.6262	2.057389 x x
 26	cosmos_rem_0026 	10	 0	56.980	1	59	35.70 150.2374	1.993250 x x
 27	cosmos_rem_0027 	10	 1	 0.970	2	 4	56.20 150.2540	2.082278 f1_8f2_69 x
 28	cosmos_rem_0028 	10	 0	31.230	2	 0	46.30 150.1301	2.012861 x x
 29	cosmos_rem_0029 	10	 0	24.320	2	 7	 2.20 150.1013	2.117278 x x
 30	cosmos_rem_0030 	 9	58	55.280	1	58	 9.00 149.7303	1.969167 x x
 31	cosmos_rem_0031 	 9	58	12.440	2	 4	27.60 149.5518	2.074333 x x
 32	cosmos_rem_0032 	 9	58	31.810	2	 5	30.10 149.6325	2.091694 x x
 33	cosmos_rem_0033 	 9	57	37.010	2	 2	59.50 149.4042	2.049861 x x
 34	cosmos_rem_0034 	 9	57	28.190	2	 2	 2.80 149.3675	2.034111 x x
 35	cosmos_rem_0035 	 9	57	23.240	1	57	16.70 149.3468	1.954639 x x
 36	cosmos_rem_0036 	 9	57	23.830	1	58	51.30 149.3493	1.980917 x x
 37	cosmos_rem_0037 	10	 1	 1.910	2	 7	48.30 150.2580	2.130083 x x
 38	cosmos_rem_0038 	10	 1	13.610	2	11	48.00 150.3067	2.196667 f1_64f2_30 0.978
 39	cosmos_rem_0039 	10	 0	49.160	2	11	53.10 150.2048	2.198083 f1_24f2_57 x
 40	cosmos_rem_0040 	 9	59	20.660	2	 7	51.30 149.8361	2.130917 x x
 41	cosmos_rem_0041 	 9	58	58.260	2	11	49.90 149.7428	2.197194 x x
 42	cosmos_rem_0042 	 9	58	15.920	2	 9	45.30 149.5663	2.162583 x x
 43	cosmos_rem_0043 	 9	57	 8.670	2	 9	26.00 149.2861	2.157222 x x
 44	cosmos_rem_0044 	10	 2	52.770	2	25	17.90 150.7199	2.421639 x x
 45	cosmos_rem_0045 	10	 2	12.570	2	19	39.10 150.5524	2.327528 f1_48f3_24 x
 46	cosmos_rem_0046 	10	 2	 6.750	2	26	50.20 150.5281	2.447278 x x
 47	cosmos_rem_0047 	10	 2	 1.370	2	23	20.00 150.5057	2.388889 f2_32 ?
 48	cosmos_rem_0048 	10	 1	24.890	2	20	10.50 150.3537	2.336250 x x
 49	cosmos_rem_0049 	10	 0	57.150	2	26	 5.80 150.2381	2.434944 f2_68f3_15 x
 50	cosmos_rem_0050 	10	 0	 9.840	2	22	55.60 150.0410	2.382111 f3_33 x
 51	cosmos_rem_0051 	 9	59	55.110	2	21	 4.40 149.9796	2.351222 x x
 52	cosmos_rem_0052 	 9	59	20.090	2	18	31.80 149.8337	2.308833 x x
 53	cosmos_rem_0053 	 9	59	 6.920	2	23	55.40 149.7788	2.398722 x x
 54	cosmos_rem_0054 	 9	58	41.210	2	17	42.80 149.6717	2.295222 x x
 55	cosmos_rem_0055 	 9	58	25.390	2	20	22.20 149.6058	2.339500 x x
 56	cosmos_rem_0056 	 9	58	35.230	2	22	59.60 149.6468	2.383222 x x
 57	cosmos_rem_0057 	 9	57	48.890	2	18	39.20 149.4537	2.310889 x x
 58	cosmos_rem_0058 	 9	57	35.020	2	24	54.80 149.3959	2.415222 x x
 59	cosmos_rem_0059 	 9	57	18.900	2	25	57.40 149.3288	2.432611 x x
 60	cosmos_rem_0060 	10	 2	57.880	2	27	23.80 150.7412	2.456611 f2_13 0.953
 61	cosmos_rem_0061 	10	 3	 1.070	2	33	40.00 150.7545	2.561111 f3_25 0.953
 62	cosmos_rem_0062 	10	 2	32.960	2	27	28.80 150.6373	2.458000 x x
 63	cosmos_rem_0063 	10	 1	 4.240	2	29	27.90 150.2677	2.491083 f3_39 x
 64	cosmos_rem_0064 	10	 1	 4.140	2	29	29.10 150.2672	2.491417 f2_47 x
 65	cosmos_rem_0065 	10	 0	51.620	2	34	57.20 150.2151	2.582556 x x
 66	cosmos_rem_0066 	10	 0	29.770	2	32	 1.80 150.1240	2.533833 f3_22 x
 67	cosmos_rem_0067 	10	 0	 4.890	2	31	14.10 150.0204	2.520583 x x
 68	cosmos_rem_0068 	 9	59	54.700	2	36	40.60 149.9779	2.611278 x x
 69	cosmos_rem_0069 	 9	58	52.920	2	27	31.30 149.7205	2.458694 x x
 70	cosmos_rem_0070 	 9	58	59.070	2	32	41.10 149.7461	2.544750 x x
 71	cosmos_rem_0071 	 9	59	 6.400	2	35	41.90 149.7767	2.594972 x x
 72	cosmos_rem_0072 	 9	59	14.050	2	35	53.90 149.8085	2.598306 x x
 73	cosmos_rem_0073 	 9	58	38.500	2	28	35.40 149.6604	2.476500 x x
 74	cosmos_rem_0074 	 9	57	31.130	2	29	54.20 149.3797	2.498389 x x
 75	cosmos_rem_0075 	 9	57	45.890	2	36	47.70 149.4412	2.613250 x x
 76	cosmos_rem_0076 	10	 2	53.330	2	39	29.80 150.7222	2.658278 x x
 77	cosmos_rem_0077 	10	 3	10.420	2	40	29.30 150.7934	2.674806 x x
 78	cosmos_rem_0078 	10	 2	51.160	2	43	55.30 150.7132	2.732028 f3_66 x
 79	cosmos_rem_0079 	10	 2	30.410	2	37	34.20 150.6267	2.626167 x x
 80	cosmos_rem_0080 	10	 1	49.340	2	44	29.80 150.4556	2.741611 x x
 81	cosmos_rem_0081 	10	 2	 2.700	2	44	53.20 150.5112	2.748111 x x
 82	cosmos_rem_0082 	10	 1	45.250	2	45	33.60 150.4385	2.759333 x x
 83	cosmos_rem_0083 	10	 1	57.150	2	47	 1.30 150.4881	2.783694 x x
 84	cosmos_rem_0084 	10	 1	 2.940	2	37	40.50 150.2622	2.627917 f3_13 0.951 
 85	cosmos_rem_0085 	10	 1	11.070	2	44	30.50 150.2961	2.741806 x x
 86	cosmos_rem_0086 	10	 0	39.070	2	38	21.20 150.1628	2.639222 x x
 87	cosmos_rem_0087 	10	 0	14.440	2	46	27.80 150.0602	2.774389 x x
 88	cosmos_rem_0088 	 9	59	34.070	2	46	17.60 149.8920	2.771556 f3_59 0.891
 89	cosmos_rem_0089 	 9	59	25.100	2	43	 3.80 149.8546	2.717722 x x
 90	cosmos_rem_0090 	 9	58	31.300	2	44	45.20 149.6304	2.745889 x x
 91	cosmos_rem_0091 	 9	58	43.730	2	46	30.30 149.6822	2.775083 x x
 92	cosmos_rem_0092 	 9	57	59.510	2	42	15.90 149.4980	2.704417 x x
 93	cosmos_rem_0093 	 9	57	38.780	2	45	54.80 149.4116	2.765222 x x
 94	cosmos_rem_0094 	10	 2	55.610	2	48	20.70 150.7317	2.805750 x x
 95	cosmos_rem_0095 	10	 1	52.400	2	48	55.60 150.4683	2.815444 f3_21 x
 96	cosmos_rem_0096 	10	 0	34.190	2	47	 8.10 150.1425	2.785583 f3_79 x
 97	cosmos_rem_0097 	 9	59	42.580	2	49	 2.60 149.9274	2.817389 f3_34 x
  1	cosmos_drz_0001 	 9	59	 5.960	1	23	 7.10 149.7748	1.385306 x x
  2	cosmos_drz_0002 	10	 1	32.020	1	27	43.50 150.3834	1.462083 x x
  3	cosmos_drz_0003 	10	 1	45.870	1	32	22.60 150.4411	1.539611 f1_9 x
  4	cosmos_drz_0004 	10	 0	 6.640	1	35	39.40 150.0277	1.594278 f1_46 x
  5	cosmos_drz_0005 	 9	58	19.620	1	30	27.10 149.5817	1.507528 x x
  6	cosmos_drz_0006 	10	 1	47.660	1	40	18.30 150.4486	1.671750 x x
  7	cosmos_drz_0007 	10	 2	 5.650	1	38	49.00 150.5235	1.646944 x x
  8	cosmos_drz_0008 	10	 1	51.580	1	42	11.70 150.4649	1.703250 f1_15 x
  9	cosmos_drz_0009 	10	 0	 4.180	1	46	43.00 150.0174	1.778611 x x
 10	cosmos_drz_0010 	 9	59	 5.090	1	40	41.80 149.7712	1.678278 x x
 11	cosmos_drz_0011 	 9	59	 8.300	1	45	 3.40 149.7846	1.750944 x x
 12	cosmos_drz_0012 	10	 3	24.240	1	55	43.30 150.8510	1.928694 x x
 13	cosmos_drz_0013 	10	 3	13.850	1	49	32.40 150.8077	1.825667 x x
 14	cosmos_drz_0014 	10	 1	47.870	1	54	30.50 150.4495	1.908472 f2_33 x
 15	cosmos_drz_0015 	10	 0	43.480	1	51	31.30 150.1812	1.858694 f1_76 x
 16	cosmos_drz_0016 	10	 0	11.550	1	53	11.70 150.0481	1.886583 f1_33 x
 17	cosmos_drz_0017 	10	 0	 4.290	1	55	39.10 150.0179	1.927528 x x
 18	cosmos_drz_0018 	 9	59	14.200	1	56	40.60 149.8092	1.944611 x x
 19	cosmos_drz_0019 	 9	58	19.020	1	52	16.90 149.5793	1.871361 x x
 20	cosmos_drz_0020 	 9	57	28.840	1	55	30.40 149.3702	1.925111 x x
 21	cosmos_drz_0021 	10	 3	 1.010	1	59	14.30 150.7542	1.987306 f1_20 x
 22	cosmos_drz_0022 	10	 1	32.870	1	59	28.60 150.3870	1.991278 f1_68f2_37 x
 23	cosmos_drz_0023 	10	 0	31.230	2	 0	46.30 150.1301	2.012861 x x
 24	cosmos_drz_0024 	10	 0	14.060	2	 0	19.90 150.0586	2.005528 f1_48 x
 25	cosmos_drz_0025 	10	 0	18.450	2	 3	28.70 150.0769	2.057972 f1_32 x
 26	cosmos_drz_0026 	 9	59	 7.160	1	57	42.80 149.7798	1.961889 x x
 27	cosmos_drz_0027 	 9	57	37.010	2	 2	59.50 149.4042	2.049861 x x
 28	cosmos_drz_0028 	10	 1	13.610	2	11	48.00 150.3067	2.196667 x x
 29	cosmos_drz_0029 	 9	56	53.020	2	16	30.00 149.2209	2.275000 x x
 30	cosmos_drz_0030 	10	 2	 1.370	2	23	20.00 150.5057	2.388889 x x
 31	cosmos_drz_0031 	10	 1	13.000	2	26	22.40 150.3042	2.439556 f2_34f3_76 x
 32	cosmos_drz_0032 	 9	59	55.110	2	21	 4.40 149.9796	2.351222 x x
 33	cosmos_drz_0033 	 9	58	52.840	2	25	55.00 149.7202	2.431944 x x
 34	cosmos_drz_0034 	 9	58	15.020	2	20	48.90 149.5626	2.346917 x x
 35	cosmos_drz_0035 	 9	58	42.280	2	25	43.40 149.6762	2.428722 x x
 36	cosmos_drz_0036 	 9	58	 0.550	2	20	13.10 149.5023	2.336972 x x
 37	cosmos_drz_0037 	 9	57	35.020	2	24	54.80 149.3959	2.415222 x x
 38	cosmos_drz_0038 	10	 2	57.880	2	27	23.80 150.7412	2.456611 x x
 39	cosmos_drz_0039 	10	 3	 1.070	2	33	40.00 150.7545	2.561111 x x
 40	cosmos_drz_0040 	10	 1	58.800	2	34	30.70 150.4950	2.575194 f2_31f3_63 x
 41	cosmos_drz_0041 	10	 1	32.230	2	34	56.60 150.3843	2.582389 f2_8f3_56 x
 42	cosmos_drz_0042 	10	 0	47.750	2	33	39.90 150.1990	2.561083 f3_77 x
 43	cosmos_drz_0043 	10	 0	31.290	2	36	42.60 150.1304	2.611833 f3_73 x
 44	cosmos_drz_0044 	 9	59	54.700	2	36	40.60 149.9779	2.611278 f1_44 x
 45	cosmos_drz_0045 	 9	59	14.830	2	36	55.10 149.8118	2.615306 x x
 46	cosmos_drz_0046 	 9	57	24.690	2	33	19.80 149.3529	2.555500 x x
 47	cosmos_drz_0047 	10	 3	24.290	2	38	21.20 150.8512	2.639222 f2_71 x
 48	cosmos_drz_0048 	10	 2	36.100	2	40	15.50 150.6504	2.670972 f3_6 x
 49	cosmos_drz_0049 	10	 2	47.660	2	42	30.10 150.6986	2.708361 x x
 50	cosmos_drz_0050 	10	 1	 2.940	2	37	40.50 150.2622	2.627917 x x
 51	cosmos_drz_0051 	10	 1	22.040	2	37	24.00 150.3418	2.623333 x x
 52	cosmos_drz_0052 	 9	59	28.060	2	40	48.50 149.8669	2.680139 f3_53 x
 53	cosmos_drz_0053 	10	 1	52.400	2	48	55.60 150.4683	2.815444 x x
 54	cosmos_drz_0054 	10	 1	35.150	2	54	41.20 150.3965	2.911444 f3_48 x
 55	cosmos_drz_0055 	10	 1	20.310	2	53	32.30 150.3346	2.892306 f3_23 x
 56	cosmos_drz_0056 	 9	59	21.070	2	51	32.50 149.8378	2.859028 x x
 57	cosmos_drz_0057 	 9	58	17.470	2	55	24.00 149.5728	2.923333 x x
 58	cosmos_drz_0058 	 9	58	 8.770	2	48	37.00 149.5365	2.810278 x x
 59	cosmos_drz_0059 	10	 1	46.460	2	58	15.90 150.4436	2.971083 f3_14 x
 60	cosmos_drz_0060 	10	 1	 1.460	3	 1	51.00 150.2561	3.030833 x x
 61	cosmos_drz_0061 	10	 0	 8.820	3	 5	49.30 150.0368	3.097028 f3_32 x
 62	cosmos_drz_0062 	 9	59	 4.830	2	58	 4.60 149.7701	2.967944 x x
  1	cosmos_wz1_0001 	10	 1	18.740	1	25	58.10 150.3281	1.432806 f1_14 x
  2	cosmos_wz1_0002 	10	 0	12.250	1	26	28.60 150.0510	1.441278 x x
  3	cosmos_wz1_0003 	 9	59	 5.960	1	23	 7.10 149.7748	1.385306 x x
  4	cosmos_wz1_0004 	10	 2	50.320	1	36	30.80 150.7097	1.608556 f1_74 x
  5	cosmos_wz1_0005 	10	 1	32.020	1	27	43.50 150.3834	1.462083 f1_43 ?
  6	cosmos_wz1_0006 	10	 1	 7.940	1	27	42.80 150.2831	1.461889 f1_12 x
  7	cosmos_wz1_0007 	 9	59	32.330	1	27	 6.80 149.8847	1.451889 x x
  8	cosmos_wz1_0008 	 9	58	58.350	1	33	57.40 149.7431	1.565944 x x
  9	cosmos_wz1_0009 	10	 2	54.480	1	39	 4.60 150.7270	1.651278 f1_17 x
 10	cosmos_wz1_0010 	10	 0	18.460	1	42	31.90 150.0769	1.708861 f1_71 x
 11	cosmos_wz1_0011 	10	 3	24.240	1	55	43.30 150.8510	1.928694 f1_18f2_28 0.884
 12	cosmos_wz1_0012 	10	 3	13.850	1	49	32.40 150.8077	1.825667 f1_66f2_52 x
 13	cosmos_wz1_0013 	10	 2	58.000	1	50	51.60 150.7417	1.847667 f1_42f2_53 0.969
 14	cosmos_wz1_0014 	10	 3	12.370	2	 6	39.10 150.8015	2.110861 f1_16 x
 15	cosmos_wz1_0015 	 9	59	 7.160	1	57	42.80 149.7798	1.961889 x x
 16	cosmos_wz1_0016 	 9	58	 9.860	2	 2	20.70 149.5411	2.039083 x x
 17	cosmos_wz1_0017 	 9	58	45.240	2	 2	41.80 149.6885	2.044944 x x
 18	cosmos_wz1_0018 	10	 3	38.010	2	17	 2.30 150.9084	2.283972 f2_2 x
 19	cosmos_wz1_0019 	10	 3	15.450	2	 7	45.70 150.8144	2.129361 f2_26 ?
 20	cosmos_wz1_0020 	10	 0	53.050	2	16	39.60 150.2210	2.277667 f1_30f2_35 x
 21	cosmos_wz1_0021 	10	 0	12.870	2	 9	33.30 150.0536	2.159250 x x
 22	cosmos_wz1_0022 	 9	57	29.430	2	 8	20.10 149.3726	2.138917 x x
 23	cosmos_wz1_0023 	 9	57	54.890	2	 8	20.00 149.4787	2.138889 x x
 24	cosmos_wz1_0024 	 9	56	53.020	2	16	30.00 149.2209	2.275000 x x
 25	cosmos_wz1_0025 	10	 3	18.400	2	22	19.50 150.8267	2.372083 f2_11 0.967
 26	cosmos_wz1_0026 	 9	59	 0.080	2	20	33.50 149.7503	2.342639 x x
 27	cosmos_wz1_0027 	 9	58	47.690	2	18	30.20 149.6987	2.308389 x x
 28	cosmos_wz1_0028 	 9	56	53.820	2	19	26.40 149.2243	2.324000 x x
 29	cosmos_wz1_0029 	10	 3	38.710	2	36	32.10 150.9113	2.608917 f2_64 0.881
 30	cosmos_wz1_0030 	 9	58	55.280	2	35	42.30 149.7303	2.595083 x x
 31	cosmos_wz1_0031 	 9	57	15.420	2	27	49.60 149.3142	2.463778 x x
 32	cosmos_wz1_0032 	10	 2	 5.490	2	45	 8.80 150.5229	2.752444 x x
 33	cosmos_wz1_0033 	10	 2	10.620	2	51	19.00 150.5443	2.855278 f3_54 x
 34	cosmos_wz1_0034 	10	 2	25.550	2	53	33.00 150.6065	2.892500 x x
 35	cosmos_wz1_0035 	10	 1	 4.110	2	51	41.30 150.2671	2.861472 f3_9 0.952
 36	cosmos_wz1_0036 	10	 0	42.380	2	54	25.40 150.1766	2.907056 f3_4 x
 37	cosmos_wz1_0037 	 9	59	54.080	2	56	10.60 149.9753	2.936278 x x
 38	cosmos_wz1_0038 	 9	59	53.740	2	56	44.90 149.9739	2.945806 f3_71 x
 39	cosmos_wz1_0039 	10	 0	55.820	2	57	48.50 150.2326	2.963472 f3_52 x
 40	cosmos_wz1_0040 	10	 0	15.430	2	58	33.80 150.0643	2.976056 f3_50 x
 41	cosmos_wz1_0041 	 9	58	40.200	2	57	45.20 149.6675	2.962556 x x