index wiyn_id ra_hr ra_min ra.sec deg deg_min deg_sec ra_dec deg_dec wiyn_fiber z K H J Y Z I G zcos zdei zwiyn nb
1 cosmos_nb_b_0001 10 1 33.72 1 29 53.3 150.3905 1.4981389999999999 m1_3 0.832 0.0 0.0 0.0 0.0 0 0 0 0.0 0.0 0.0 0.0
2 cosmos_nb_b_0002 10 1 51.7 1 33 44.1 150.4654 1.56225 m1_19 ? 0.0 0.0 0.0 23.78 23.99 24.31 26.12 -3.0 -1.0 -3.0 22.96
3 cosmos_nb_b_0003 10 1 5.07 1 33 46.9 150.2711 1.563028 m1_16 ? 0.0 0.0 0.0 24.77 24.16 24.84 25.69 -3.0 -1.0 -3.0 22.76
4 cosmos_nb_b_0004 10 0 54.96 1 34 52.9 150.229 1.581361 m1_46 0.837 0.0 0.0 0.0 23.83 22.98 23.92 24.76 -3.0 -1.0 -3.0 21.9
5 cosmos_nb_b_0005 10 0 31.15 1 31 24.3 150.1298 1.523417 m1_57 0.84 0.0 0.0 0.0 0.0 0 0 0 0.0 0.0 0.0 0.0
6 cosmos_nb_b_0006 10 0 34.66 1 36 16.3 150.1444 1.6045280000000002 m1_34 ? 0.0 0.0 0.0 24.95 25.34 25.32 29.31 -3.0 -1.0 -3.0 22.82
7 cosmos_nb_b_0007 9 59 0.99 1 32 57.1 149.7541 1.549194 x x 0.0 0.0 0.0 0.0 0 0 0 0.0 0.0 0.0 0.0
8 cosmos_nb_b_0008 10 0 52.81 1 37 8.0 150.22 1.618889 m1_41 ? 0.0 0.0 0.0 24.26 23.64 24.56 25.19 -3.0 -1.0 -3.0 22.6
9 cosmos_nb_b_0009 10 0 29.57 1 40 5.6 150.1232 1.668222 m1_71 0.838 0.0 0.0 0.0 25.22 23.34 24.73 25.22 -3.0 -1.0 -3.0 22.06
10 cosmos_nb_b_0010 10 0 5.27 1 44 35.2 150.022 1.743111 m1_36 0.833 0.0 0.0 0.0 24.60 23.42 24.64 24.95 -3.0 -1.0 -3.0 22.26
11 cosmos_nb_b_0011 9 59 22.62 1 39 46.3 149.8442 1.6628610000000001 m1_42 ? 0.0 0.0 0.0 26.25 27.20 28.37 ***** -3.0 0.0 -3.0 22.4
12 cosmos_nb_b_0012 10 2 46.17 1 51 33.4 150.6924 1.859278 m1_2 ? 0.0 0.0 0.0 0.0 0 0 0 0.0 0.0 0.0 0.0
13 cosmos_nb_b_0013 10 1 38.35 1 48 54.3 150.4098 1.8150830000000002 m1_61 0.837 0.0 0.0 0.0 24.33 23.48 24.47 25.12 -3.0 -1.0 -3.0 22.32
14 cosmos_nb_b_0014 10 1 34.12 1 56 32.4 150.3922 1.942333 m1_37 ? 0.0 0.0 0.0 25.35 24.11 25.09 25.79 -3.0 -1.0 -3.0 22.88
15 cosmos_nb_b_0015 10 1 19.46 1 52 47.2 150.3311 1.879778 m1_73 0.838 0.0 0.0 0.0 22.06 21.34 22.11 22.70 0.8386 0.8388 0.8365 20.21
16 cosmos_nb_b_0016 10 0 57.65 1 54 31.4 150.2402 1.908722 m1_24 ? 0.0 0.0 0.0 25.35 23.55 25.07 25.38 -3.0 -1.0 -3.0 22.19
17 cosmos_nb_b_0017 10 1 27.47 1 55 51.8 150.3645 1.931056 m1_17 0.843 0.0 0.0 0.0 21.47 21.80 22.25 25.43 -3.0 -1.0 -3.0 21.64
18 cosmos_nb_b_0018 10 1 27.76 1 55 15.5 150.3657 1.9209720000000001 m2_29 ? 0.0 0.0 0.0 22.79 23.21 23.44 25.37 -3.0 1.5818 -3.0 22.61
19 cosmos_nb_b_0019 10 0 39.8 1 53 1.4 150.1658 1.8837220000000001 m1_64 0.842 0.0 0.0 0.0 24.52 23.54 24.51 25.16 -3.0 -1.0 -3.0 22.08
20 cosmos_nb_b_0020 10 0 39.65 1 53 2.9 150.1652 1.884139 m2_46 0.842 0.0 0.0 0.0 24.61 23.61 24.76 25.24 -3.0 -1.0 -3.0 22.5
21 cosmos_nb_b_0021 10 0 18.52 1 53 28.7 150.0772 1.8913060000000002 m1_4 ? 0.0 0.0 0.0 21.61 22.11 23.06 25.06 -3.0 -1.0 -3.0 22.09
22 cosmos_nb_b_0022 10 0 43.46 1 51 31.5 150.1811 1.85875 m1_56 ? 0.0 0.0 0.0 22.44 23.66 23.90 24.01 -3.0 -1.0 -3.0 22.66
23 cosmos_nb_b_0023 9 59 49.23 1 55 56.1 149.9551 1.93225 m1_50m3_29 ? 0.0 0.0 0.0 25.82 24.43 25.82 26.49 -3.0 -1.0 -3.0 22.87
24 cosmos_nb_b_0024 10 0 7.32 1 56 26.0 150.0305 1.9405560000000002 m1_51 ? 0.0 0.0 0.0 24.14 24.16 24.72 25.36 -3.0 -1.0 -3.0 22.96
25 cosmos_nb_b_0025 9 58 33.05 1 55 59.2 149.6377 1.933111 m3_13 0.403 0.0 0.0 0.0 21.94 21.54 21.68 22.59 -3.0 -1.0 -3.0 20.28
26 cosmos_nb_b_0026 9 58 28.16 1 52 47.1 149.6173 1.87975 x x 0.0 0.0 0.0 24.24 24.10 24.48 25.47 -3.0 -1.0 -3.0 22.89
27 cosmos_nb_b_0027 10 2 35.57 2 1 24.7 150.6482 2.0235279999999998 m1_18 0.841 0.0 0.0 0.0 22.43 21.74 22.54 23.17 -3.0 -1.0 0.84 20.7
28 cosmos_nb_b_0028 10 2 16.99 1 58 32.9 150.5708 1.9758060000000002 m1_62 ? 0.0 0.0 0.0 29.71 24.10 25.75 25.69 -3.0 -1.0 -3.0 22.59
29 cosmos_nb_b_0029 10 2 42.37 2 5 56.6 150.6765 2.099056 m4_44  0.0 0.0 0.0 21.48 21.69 21.96 23.74 -3.0 -1.0 -3.0 21.71
30 cosmos_nb_b_0030 10 1 24.92 2 2 48.9 150.3538 2.0469169999999997 m1_14 0.837 0.0 0.0 0.0 27.15 24.25 25.53 26.06 -3.0 -1.0 -3.0 22.67
31 cosmos_nb_b_0031 10 1 2.49 2 3 24.1 150.2604 2.056694 m2_10m4_60 0.842 0.0 0.0 0.0 24.86 23.95 24.94 25.35 -3.0 -1.0 -3.0 22.58
32 cosmos_nb_b_0032 10 0 15.44 2 2 26.4 150.0643 2.040667 m1_52 0.849 0.0 0.0 0.0 23.36 22.74 23.61 24.29 -3.0 -1.0 -3.0 21.67
33 cosmos_nb_b_0033 9 58 27.08 1 59 17.3 149.6128 1.9881389999999999 m3_59 ? 0.0 0.0 0.0 0.0 0 0 0 0.0 0.0 0.0 0.0
34 cosmos_nb_b_0034 10 2 21.44 2 7 4.1 150.5893 2.1178060000000003 m2_28m4_63 0.842 0.0 0.0 0.0 24.19 23.86 24.25 25.25 -3.0 -1.0 -3.0 22.79
35 cosmos_nb_b_0035 10 2 43.74 2 10 14.4 150.6823 2.170667 m2_ 6 0.0 0.0 0.0 24.78 23.47 24.69 25.09 -3.0 -1.0 -3.0 22.13
36 cosmos_nb_b_0036 10 2 27.02 2 13 1.4 150.6126 2.217056 m4_7 ? 0.0 0.0 0.0 24.77 23.98 24.78 25.60 -3.0 0.8395 -3.0 22.89
37 cosmos_nb_b_0037 10 2 24.69 2 14 36.9 150.6029 2.243583 m2_6m4_28 ? 0.0 0.0 0.0 24.18 22.94 24.12 24.69 -3.0 -1.0 -3.0 21.61
38 cosmos_nb_b_0038 10 1 29.55 2 8 12.1 150.3731 2.136694 m4_15 ? 0.0 0.0 0.0 24.32 24.00 24.62 25.43 -3.0 -1.0 -3.0 22.99
39 cosmos_nb_b_0039 10 1 59.81 2 8 16.4 150.4992 2.137889 m1_67 ? 0.0 0.0 0.0 25.30 24.26 25.13 25.81 -3.0 -1.0 -3.0 22.9
40 cosmos_nb_b_0040 10 1 28.19 2 10 35.0 150.3675 2.176389 x x 0.0 0.0 0.0 25.36 24.39 25.60 26.29 -3.0 -1.0 -3.0 22.76
41 cosmos_nb_b_0041 10 1 29.58 2 12 37.0 150.3733 2.2102779999999997 m1_48 ? 0.0 0.0 0.0 24.15 24.09 24.69 25.20 -3.0 -1.0 -3.0 22.72
42 cosmos_nb_b_0042 10 1 26.99 2 10 48.6 150.3625 2.180167 x x 0.0 0.0 0.0 23.61 22.82 23.69 24.14 -3.0 -1.0 -3.0 21.61
43 cosmos_nb_b_0043 10 0 44.76 2 12 25.3 150.1865 2.2070279999999998 m2_34m3_27m4_50 0.834 0.0 0.0 0.0 24.08 23.39 24.25 25.17 -3.0 -1.0 -3.0 22.26
44 cosmos_nb_b_0044 10 0 7.99 2 14 57.9 150.0333 2.2494169999999998 x x 0.0 0.0 0.0 25.31 23.97 25.56 25.89 -3.0 -1.0 -3.0 22.49
45 cosmos_nb_b_0045 10 0 11.05 2 15 37.5 150.046 2.260417 m3_28 0.84 0.0 0.0 0.0 24.43 23.89 24.69 25.40 -3.0 -1.0 -3.0 22.73
46 cosmos_nb_b_0046 10 0 32.29 2 16 22.2 150.1345 2.2728330000000003 m3_8 ? 0.0 0.0 0.0 23.58 23.12 23.71 24.46 -3.0 -1.0 -3.0 22.07
47 cosmos_nb_b_0047 10 0 4.79 2 9 15.4 150.02 2.1542779999999997 m1_32 ? 0.0 0.0 0.0 22.33 22.55 22.73 24.37 -3.0 -1.0 -3.0 22.76
48 cosmos_nb_b_0048 10 0 7.64 2 14 38.3 150.0318 2.2439720000000003 m3_19 0.84 0.0 0.0 0.0 23.31 22.96 23.38 24.13 -3.0 -1.0 -3.0 21.95
49 cosmos_nb_b_0049 9 59 58.36 2 13 11.3 149.9932 2.219806 m3_43m4_74 ? 0.0 0.0 0.0 23.89 23.95 25.08 27.06 -3.0 -1.0 -3.0 22.98
50 cosmos_nb_b_0050 10 2 1.3 2 18 2.0 150.5054 2.3005560000000003 m2_68m4_27 0.842 0.0 0.0 0.0 23.51 22.84 23.60 24.30 -3.0 -1.0 -3.0 21.7
51 cosmos_nb_b_0051 10 1 47.11 2 20 14.6 150.4463 2.337389 m2_45 0.836 0.0 0.0 0.0 23.42 22.74 23.45 24.04 -3.0 -1.0 -3.0 21.65
52 cosmos_nb_b_0052 10 1 46.75 2 20 18.7 150.4448 2.3385279999999997 m4_78 0.836 0.0 0.0 0.0 23.67 23.18 23.67 24.52 -3.0 -1.0 -3.0 22.16
53 cosmos_nb_b_0053 10 0 49.6 2 19 11.4 150.2067 2.319833 m2_55m3_68m4_43 ? 0.0 0.0 0.0 24.14 23.72 24.44 24.87 -3.0 -1.0 -3.0 22.71
54 cosmos_nb_b_0054 10 1 6.68 2 20 8.9 150.2778 2.3358060000000003 m2_5m3_45 ? 0.0 0.0 0.0 24.53 23.44 24.70 25.37 -3.0 -1.0 -3.0 22.33
55 cosmos_nb_b_0055 10 1 2.37 2 16 59.3 150.2599 2.283139 m2_78m3_40 0.84 0.0 0.0 0.0 0.0 0 0 0 0.0 0.0 0.0 0.0
56 cosmos_nb_b_0056 10 0 37.14 2 20 26.8 150.1548 2.340778 m2_42m4_32 ? 0.0 0.0 0.0 24.48 23.98 24.50 25.09 -3.0 -1.0 -3.0 22.92
57 cosmos_nb_b_0057 9 59 1.88 2 19 12.8 149.7578 2.3202220000000002 m2_32 0.831 0.0 0.0 0.0 24.41 22.88 24.29 24.60 -3.0 -1.0 -3.0 21.6
58 cosmos_nb_b_0058 9 58 30.71 2 22 36.3 149.628 2.37675 m3_80 ? 0.0 0.0 0.0 24.95 24.05 24.88 25.33 -3.0 -1.0 -3.0 22.83
59 cosmos_nb_b_0059 10 1 44.13 2 33 46.1 150.4339 2.562806 m2_60m4_59 0.403 0.0 0.0 0.0 21.27 21.15 21.52 22.26 -3.0 -1.0 -3.0 20.13
60 cosmos_nb_b_0060 10 1 2.15 2 28 51.2 150.259 2.480889 m2_58m3_2m4_36 0.844 0.0 0.0 0.0 24.59 23.93 24.57 25.22 -3.0 -1.0 -3.0 22.77
61 cosmos_nb_b_0061 10 1 13.78 2 33 12.2 150.3074 2.553389 m2_50m4_34 0.846 0.0 0.0 0.0 23.91 23.20 24.13 25.17 -3.0 -1.0 -3.0 22.02
62 cosmos_nb_b_0062 10 0 21.22 2 28 54.5 150.0884 2.481806 m2_4m3_63m4_11 ? 0.0 0.0 0.0 24.47 23.70 25.02 25.60 -3.0 -1.0 -3.0 22.7
63 cosmos_nb_b_0063 9 58 19.18 2 27 33.4 149.5799 2.459278 m3_51 ? 0.0 0.0 0.0 24.87 24.21 25.00 25.80 -3.0 -1.0 -3.0 22.85
64 cosmos_nb_b_0064 10 0 50.61 2 40 53.0 150.2109 2.681389 m2_24m3_64m4_9 0.831 0.0 0.0 0.0 25.30 24.09 25.32 26.04 -3.0 -1.0 -3.0 22.85
65 cosmos_nb_b_0065 9 59 2.38 2 39 11.4 149.7599 2.653167 m3_47 ? 0.0 0.0 0.0 26.36 24.22 26.29 26.08 -3.0 -1.0 -3.0 22.59
66 cosmos_nb_b_0066 9 59 18.35 2 40 6.6 149.8265 2.6685 m3_24 ? 0.0 0.0 0.0 24.27 23.63 23.78 24.77 -3.0 0.4008 -3.0 22.33
67 cosmos_nb_b_0067 9 58 32.72 2 37 56.1 149.6363 2.63225 m3_26 ? 0.0 0.0 0.0 23.68 23.18 23.72 24.46 -3.0 -1.0 -3.0 22.18
68 cosmos_nb_b_0068 10 1 8.19 2 47 20.9 150.2841 2.789139 m4_67 0.831 0.0 0.0 0.0 24.88 23.71 25.07 25.88 -3.0 -1.0 -3.0 22.65
1 cosmos_nb_f_0001 10 1 34.69 1 29 1.4 150.3945 1.483722 x x 0.0 0.0 0.0 0.0 0 0 0 0.0 0.0 0.0 0.0
2 cosmos_nb_f_0002 10 1 48.65 1 29 24.6 150.4527 1.490167 m1_63 ? 0.0 0.0 0.0 0.0 0 0 0 0.0 0.0 0.0 0.0
3 cosmos_nb_f_0003 10 1 36.49 1 30 4.8 150.402 1.501333 m1_60 ? 0.0 0.0 0.0 0.0 0 0 0 0.0 0.0 0.0 0.0
4 cosmos_nb_f_0004 10 1 48.68 1 31 1.9 150.4528 1.5171940000000002 m1_43 ? 0.0 0.0 0.0 0.0 0 0 0 0.0 0.0 0.0 0.0
5 cosmos_nb_f_0005 10 1 45.55 1 34 5.0 150.4398 1.568056 m1_7 ? 0.0 0.0 0.0 24.74 26.10 25.49 25.50 -3.0 -1.0 -3.0 24.0
6 cosmos_nb_f_0006 10 1 28.94 1 35 3.0 150.3706 1.584167 x x 0.0 0.0 0.0 23.56 24.05 24.19 24.65 -3.0 -1.0 -3.0 23.04
7 cosmos_nb_f_0007 10 1 34.34 1 35 26.9 150.3931 1.590806 m1_74 ? 0.0 0.0 0.0 ***** ***** ***** ***** -3.0 -1.0 -3.0 23.91
8 cosmos_nb_f_0008 10 1 34.8 1 35 38.2 150.395 1.593944 x x 0.0 0.0 0.0 ***** ***** ***** ***** -3.0 -1.0 -3.0 23.82
9 cosmos_nb_f_0009 10 1 28.23 1 35 40.9 150.3676 1.594694 x x 0.0 0.0 0.0 24.94 26.41 25.79 26.63 -3.0 -1.0 -3.0 23.97
10 cosmos_nb_f_0010 10 1 4.97 1 29 31.4 150.2707 1.492056 x x 0.0 0.0 0.0 0.0 0 0 0 0.0 0.0 0.0 0.0
11 cosmos_nb_f_0011 10 1 24.67 1 30 30.7 150.3528 1.508528 m1_25 ? 0.0 0.0 0.0 0.0 0 0 0 0.0 0.0 0.0 0.0
12 cosmos_nb_f_0012 10 1 12.71 1 30 40.8 150.303 1.511333 m1_55 ? 0.0 0.0 0.0 0.0 0 0 0 0.0 0.0 0.0 0.0
13 cosmos_nb_f_0013 10 1 20.02 1 30 57.4 150.3334 1.515944 m1_29 ? 0.0 0.0 0.0 0.0 0 0 0 0.0 0.0 0.0 0.0
14 cosmos_nb_f_0014 10 1 23.93 1 31 6.9 150.3497 1.518583 x x 0.0 0.0 0.0 0.0 0 0 0 0.0 0.0 0.0 0.0
15 cosmos_nb_f_0015 10 1 22.75 1 33 25.2 150.3448 1.557 x x 0.0 0.0 0.0 24.47 25.42 24.92 26.27 -3.0 -1.0 -3.0 23.99
16 cosmos_nb_f_0016 10 0 37.21 1 30 24.2 150.155 1.506722 m1_13 ? 0.0 0.0 0.0 0.0 0 0 0 0.0 0.0 0.0 0.0
17 cosmos_nb_f_0017 10 0 20.34 1 33 38.2 150.0848 1.560611 m1_23 ? 0.0 0.0 0.0 26.80 25.37 26.02 26.20 -3.0 -1.0 -3.0 23.98
18 cosmos_nb_f_0018 9 59 57.75 1 29 5.2 149.9906 1.4847780000000002 m1_72 ? 0.0 0.0 0.0 0.0 0 0 0 0.0 0.0 0.0 0.0
19 cosmos_nb_f_0019 9 59 29.63 1 29 48.7 149.8735 1.496861 x x 0.0 0.0 0.0 0.0 0 0 0 0.0 0.0 0.0 0.0
20 cosmos_nb_f_0020 9 59 45.32 1 30 47.3 149.9388 1.513139 m1_65 ? 0.0 0.0 0.0 0.0 0 0 0 0.0 0.0 0.0 0.0
21 cosmos_nb_f_0021 9 59 58.24 1 31 15.5 149.9927 1.520972 m1_38 ? 0.0 0.0 0.0 0.0 0 0 0 0.0 0.0 0.0 0.0
22 cosmos_nb_f_0022 9 59 59.79 1 32 0.6 149.9991 1.5335 x x 0.0 0.0 0.0 0.0 0 0 0 0.0 0.0 0.0 0.0
23 cosmos_nb_f_0023 9 59 22.56 1 29 5.3 149.844 1.4848059999999998 x x 0.0 0.0 0.0 0.0 0 0 0 0.0 0.0 0.0 0.0
24 cosmos_nb_f_0024 9 59 12.33 1 29 28.4 149.8014 1.4912219999999998 x x 0.0 0.0 0.0 0.0 0 0 0 0.0 0.0 0.0 0.0
25 cosmos_nb_f_0025 9 59 21.34 1 30 37.1 149.8389 1.510306 x x 0.0 0.0 0.0 0.0 0 0 0 0.0 0.0 0.0 0.0
26 cosmos_nb_f_0026 9 59 0.53 1 33 38.6 149.7522 1.560722 x x 0.0 0.0 0.0 24.73 24.75 25.20 26.03 -3.0 -1.0 -3.0 23.68
27 cosmos_nb_f_0027 9 59 22.38 1 36 16.0 149.8433 1.604444 m1_1 ? 0.0 0.0 0.0 24.25 24.81 24.49 25.48 -3.0 -1.0 -3.0 23.62
28 cosmos_nb_f_0028 9 58 26.23 1 29 41.9 149.6093 1.494972 x x 0.0 0.0 0.0 0.0 0 0 0 0.0 0.0 0.0 0.0
29 cosmos_nb_f_0029 9 58 38.5 1 29 59.3 149.6604 1.499806 x x 0.0 0.0 0.0 0.0 0 0 0 0.0 0.0 0.0 0.0
30 cosmos_nb_f_0030 9 58 43.58 1 31 13.0 149.6816 1.520278 x x 0.0 0.0 0.0 0.0 0 0 0 0.0 0.0 0.0 0.0
31 cosmos_nb_f_0031 9 58 29.34 1 31 48.2 149.6223 1.5300559999999999 x x 0.0 0.0 0.0 0.0 0 0 0 0.0 0.0 0.0 0.0
32 cosmos_nb_f_0032 9 58 44.1 1 32 10.4 149.6838 1.536222 x x 0.0 0.0 0.0 0.0 0 0 0 0.0 0.0 0.0 0.0
33 cosmos_nb_f_0033 9 58 27.73 1 32 24.8 149.6155 1.540222 x x 0.0 0.0 0.0 0.0 0 0 0 0.0 0.0 0.0 0.0
34 cosmos_nb_f_0034 9 58 47.11 1 34 24.0 149.6963 1.573333 x x 0.0 0.0 0.0 27.83 24.66 25.58 26.26 -3.0 -1.0 -3.0 23.52
35 cosmos_nb_f_0035 9 58 42.27 1 35 31.7 149.6761 1.592139 x x 0.0 0.0 0.0 24.57 24.33 24.66 25.31 -3.0 -1.0 -3.0 23.29
36 cosmos_nb_f_0036 9 58 20.06 1 36 38.1 149.5836 1.610583 x x 0.0 0.0 0.0 27.97 24.97 27.18 28.17 -3.0 -1.0 -3.0 23.85
37 cosmos_nb_f_0037 9 58 25.15 1 36 56.4 149.6048 1.615667 x x 0.0 0.0 0.0 24.69 24.61 24.84 26.20 -3.0 -1.0 -3.0 23.59
38 cosmos_nb_f_0038 10 1 54.1 1 42 9.6 150.4754 1.702667 m1_66 ? 0.0 0.0 0.0 23.93 24.98 24.80 25.45 -3.0 -1.0 -3.0 23.51
39 cosmos_nb_f_0039 10 1 30.96 1 44 9.7 150.379 1.736028 m1_45 ? 0.0 0.0 0.0 24.56 25.64 25.19 25.94 -3.0 -1.0 -3.0 23.94
40 cosmos_nb_f_0040 10 1 56.45 1 46 21.2 150.4852 1.772556 m1_20 ? 0.0 0.0 0.0 0.0 0 0 0 0.0 0.0 0.0 0.0
41 cosmos_nb_f_0041 10 1 7.2 1 37 38.1 150.28 1.62725 x x 0.0 0.0 0.0 24.75 25.38 25.14 26.92 -3.0 -1.0 -3.0 23.82
42 cosmos_nb_f_0042 10 0 58.32 1 37 49.5 150.243 1.630417 x x 0.0 0.0 0.0 25.57 26.42 26.12 26.97 -3.0 -1.0 -3.0 24.0
43 cosmos_nb_f_0043 10 1 18.14 1 39 16.1 150.3256 1.6544720000000002 m1_28 ? 0.0 0.0 0.0 25.21 24.94 24.97 25.71 -3.0 -1.0 -3.0 23.9
44 cosmos_nb_f_0044 10 1 23.3 1 39 36.9 150.3471 1.66025 x x 0.0 0.0 0.0 24.34 24.85 24.89 25.47 -3.0 -1.0 -3.0 23.85
45 cosmos_nb_f_0045 10 1 11.59 1 41 10.4 150.2983 1.686222 m1_6 ? 0.0 0.0 0.0 24.34 25.06 24.83 26.23 -3.0 -1.0 -3.0 23.73
46 cosmos_nb_f_0046 10 0 57.0 1 42 36.8 150.2375 1.7102220000000001 m1_15 ? 0.0 0.0 0.0 ***** 25.41 25.52 26.02 -3.0 -1.0 -3.0 23.63
47 cosmos_nb_f_0047 10 1 20.41 1 43 19.8 150.335 1.7221669999999998 m1_8 ? 0.0 0.0 0.0 24.88 25.15 25.36 26.56 -3.0 -1.0 -3.0 23.87
48 cosmos_nb_f_0048 10 1 22.96 1 44 50.1 150.3457 1.74725 m1_5 ? 0.0 0.0 0.0 25.64 25.63 25.99 26.68 -3.0 -1.0 -3.0 23.37
49 cosmos_nb_f_0049 10 1 23.17 1 44 51.1 150.3465 1.747528 x x 0.0 0.0 0.0 25.55 26.11 26.08 26.50 -3.0 -1.0 -3.0 23.98
50 cosmos_nb_f_0050 10 1 16.27 1 45 30.7 150.3178 1.7585279999999999 m1_22 ? 0.0 0.0 0.0 24.79 25.40 25.49 26.48 -3.0 -1.0 -3.0 23.57
51 cosmos_nb_f_0051 10 0 14.88 1 37 16.3 150.062 1.621194 m1_47 ? 0.0 0.0 0.0 26.08 24.96 25.89 27.53 -3.0 -1.0 -3.0 23.93
52 cosmos_nb_f_0052 10 0 36.34 1 37 25.9 150.1514 1.623861 x x 0.0 0.0 0.0 25.94 24.91 25.43 26.09 -3.0 -1.0 -3.0 23.82
53 cosmos_nb_f_0053 10 0 37.38 1 40 30.4 150.1558 1.675111 x x 0.0 0.0 0.0 25.66 26.06 26.25 26.74 -3.0 -1.0 -3.0 23.97
54 cosmos_nb_f_0054 10 0 43.42 1 43 14.6 150.1809 1.720722 m1_21 ? 0.0 0.0 0.0 24.95 25.51 25.15 25.77 -3.0 -1.0 -3.0 23.73
55 cosmos_nb_f_0055 10 0 10.65 1 43 35.7 150.0444 1.7265830000000002 m1_59 ? 0.0 0.0 0.0 25.11 24.80 25.36 25.97 -3.0 -1.0 -3.0 23.76
56 cosmos_nb_f_0056 10 0 14.56 1 44 23.1 150.0607 1.73975 x x 0.0 0.0 0.0 22.74 22.94 23.08 24.34 -3.0 -1.0 -3.0 23.17
57 cosmos_nb_f_0057 10 0 5.96 1 42 1.9 150.0248 1.7005279999999998 m1_31 ? 0.0 0.0 0.0 24.22 24.12 24.61 25.55 -3.0 -1.0 -3.0 23.04
58 cosmos_nb_f_0058 10 0 4.76 1 44 6.0 150.0198 1.735 x x 0.0 0.0 0.0 23.01 23.57 24.48 27.45 -3.0 -1.0 -3.0 23.26
59 cosmos_nb_f_0059 9 59 57.66 1 44 23.2 149.9903 1.7397779999999998 x x 0.0 0.0 0.0 26.27 ***** 28.66 ***** -3.0 -1.0 -3.0 23.99
60 cosmos_nb_f_0060 9 59 57.96 1 45 26.3 149.9915 1.757306 m1_78 ? 0.0 0.0 0.0 ***** ***** ***** ***** -3.0 0.0 -3.0 23.73
61 cosmos_nb_f_0061 9 59 13.43 1 40 6.0 149.806 1.668333 x x 0.0 0.0 0.0 25.54 25.46 25.15 25.71 -3.0 0.0 -3.0 23.67
62 cosmos_nb_f_0062 9 59 26.42 1 40 42.3 149.8601 1.6784169999999998 x x 0.0 0.0 0.0 ***** ***** ***** ***** -3.0 0.0 -3.0 23.96
63 cosmos_nb_f_0063 9 59 26.62 1 40 43.1 149.8609 1.678639 x x 0.0 0.0 0.0 0.0 0 0 0 0.0 0.0 0.0 0.0
64 cosmos_nb_f_0064 9 59 19.15 1 44 58.4 149.8298 1.7495560000000001 x x 0.0 0.0 0.0 24.29 25.03 25.08 25.94 -3.0 -1.0 -3.0 23.93
65 cosmos_nb_f_0065 9 58 56.75 1 45 31.2 149.7365 1.7586669999999998 x x 0.0 0.0 0.0 0.0 0 0 0 0.0 0.0 0.0 0.0
66 cosmos_nb_f_0066 9 59 17.57 1 45 39.9 149.8232 1.7610830000000002 x x 0.0 0.0 0.0 24.27 25.07 25.18 26.05 -3.0 -1.0 -3.0 23.68
67 cosmos_nb_f_0067 9 59 22.38 1 46 15.2 149.8433 1.770889 x x 0.0 0.0 0.0 ***** ***** ***** ***** -3.0 -1.0 -3.0 23.7
68 cosmos_nb_f_0068 9 58 34.43 1 37 27.8 149.6435 1.6243889999999999 x x 0.0 0.0 0.0 ***** ***** 27.36 ***** -3.0 -1.0 -3.0 23.95
69 cosmos_nb_f_0069 9 58 27.78 1 39 41.7 149.6157 1.6615830000000003 x x 0.0 0.0 0.0 26.73 24.98 26.30 26.60 -3.0 -1.0 -3.0 23.98
70 cosmos_nb_f_0070 9 58 43.46 1 42 31.8 149.6811 1.7088330000000003 x x 0.0 0.0 0.0 25.14 24.54 25.45 26.76 -3.0 -1.0 -3.0 23.3
71 cosmos_nb_f_0071 10 2 15.64 1 52 23.4 150.5652 1.8731669999999998 x x 0.0 0.0 0.0 27.84 25.59 26.38 26.97 -3.0 -1.0 -3.0 23.95
72 cosmos_nb_f_0072 10 2 29.53 1 55 39.4 150.623 1.927611 x x 0.0 0.0 0.0 24.99 24.37 25.16 26.07 -3.0 -1.0 -3.0 23.23
73 cosmos_nb_f_0073 10 2 36.67 1 56 51.3 150.6528 1.947583 m4_3 ? 0.0 0.0 0.0 23.82 24.76 24.61 24.99 -3.0 -1.0 -3.0 23.76
74 cosmos_nb_f_0074 10 2 26.58 1 56 57.7 150.6107 1.9493610000000001 m4_57 ? 0.0 0.0 0.0 25.19 24.72 25.41 26.25 -3.0 -1.0 -3.0 23.71
75 cosmos_nb_f_0075 10 1 41.84 1 49 2.1 150.4243 1.81725 x x 0.0 0.0 0.0 24.68 24.67 24.53 25.81 -3.0 -1.0 -3.0 23.65
76 cosmos_nb_f_0076 10 1 36.33 1 52 1.5 150.4014 1.8670830000000003 m1_54 ? 0.0 0.0 0.0 0.0 0 0 0 0.0 0.0 0.0 0.0
77 cosmos_nb_f_0077 10 1 38.89 1 53 34.5 150.412 1.8929169999999997 m2_56m4_10 ? 0.0 0.0 0.0 ***** 25.91 27.74 28.62 -3.0 0.8352 -3.0 23.91
78 cosmos_nb_f_0078 10 1 6.5 1 48 13.7 150.2771 1.803806 x x 0.0 0.0 0.0 25.18 25.72 25.65 26.36 -3.0 0.8364 -3.0 23.74
79 cosmos_nb_f_0079 10 0 57.99 1 48 14.8 150.2416 1.804111 x x 0.0 0.0 0.0 25.28 25.74 ***** ***** -3.0 6.6019 -3.0 23.86
80 cosmos_nb_f_0080 10 0 52.41 1 51 0.2 150.2184 1.8500560000000001 x x 0.0 0.0 0.0 27.40 24.84 25.79 26.28 -3.0 -1.0 -3.0 23.77
81 cosmos_nb_f_0081 10 1 13.1 1 51 58.4 150.3046 1.866222 m2_16 ? 0.0 0.0 0.0 25.33 24.43 24.97 25.62 -3.0 0.8398 -3.0 23.35
82 cosmos_nb_f_0082 10 1 4.12 1 52 30.3 150.2672 1.8750830000000003 m2_39 0.842 0.0 0.0 0.0 24.33 24.24 24.33 25.20 -3.0 -1.0 -3.0 23.23
83 cosmos_nb_f_0083 10 1 9.93 1 53 13.0 150.2914 1.886944 x x 0.0 0.0 0.0 ***** 26.01 27.17 27.91 -3.0 -1.0 -3.0 23.96
84 cosmos_nb_f_0084 10 1 27.86 1 53 26.1 150.3661 1.8905830000000001 m2_57m4_47  0.0 0.0 0.0 25.18 25.00 25.40 26.45 -3.0 0.8477 -3.0 23.63
85 cosmos_nb_f_0085 10 1 17.5 1 53 54.8 150.3229 1.8985560000000001 m2_31m4_42 ? 0.0 0.0 0.0 24.26 24.86 25.01 25.37 -3.0 -1.0 -3.0 23.84
86 cosmos_nb_f_0086 10 0 12.81 1 50 51.6 150.0534 1.8476669999999997 x x 0.0 0.0 0.0 25.55 25.43 25.62 26.30 -3.0 -1.0 -3.0 23.99
87 cosmos_nb_f_0087 10 0 26.99 1 55 44.9 150.1125 1.929139 m2_15 ? 0.0 0.0 0.0 24.40 24.42 24.87 25.99 -3.0 -1.0 -3.0 23.37
88 cosmos_nb_f_0088 10 0 5.18 1 52 44.9 150.0216 1.879139 x x 0.0 0.0 0.0 24.92 24.54 24.76 25.39 -3.0 -1.0 -3.0 23.16
89 cosmos_nb_f_0089 9 59 34.62 1 53 12.9 149.8942 1.8869169999999997 m3_31 ? 0.0 0.0 0.0 0.0 0 0 0 0.0 0.0 0.0 0.0
90 cosmos_nb_f_0090 9 59 35.05 1 56 26.4 149.896 1.940667 x x 0.0 0.0 0.0 0.0 0 0 0 0.0 0.0 0.0 0.0
91 cosmos_nb_f_0091 10 0 1.66 1 56 32.6 150.0069 1.942389 m3_25 ? 0.0 0.0 0.0 0.0 0 0 0 0.0 0.0 0.0 0.0
92 cosmos_nb_f_0092 9 59 44.85 1 56 37.9 149.9369 1.943861 m3_57 ? 0.0 0.0 0.0 23.80 24.95 24.76 26.17 -3.0 -1.0 -3.0 23.9
93 cosmos_nb_f_0093 9 58 53.87 1 50 18.0 149.7245 1.8383330000000002 x x 0.0 0.0 0.0 24.10 24.87 24.83 25.63 -3.0 -1.0 -3.0 23.83
94 cosmos_nb_f_0094 9 59 15.74 1 52 0.1 149.8156 1.8666939999999999 m1_11 0.839 0.0 0.0 0.0 23.18 24.82 24.62 25.10 -3.0 -1.0 -3.0 23.58
95 cosmos_nb_f_0095 9 59 26.47 1 54 33.9 149.8603 1.909417 m3_16 ? 0.0 0.0 0.0 24.75 24.86 25.65 26.43 -3.0 -1.0 -3.0 23.65
96 cosmos_nb_f_0096 9 59 10.85 1 56 42.4 149.7952 1.945111 x x 0.0 0.0 0.0 24.80 25.54 25.13 25.38 -3.0 -1.0 -3.0 23.89
97 cosmos_nb_f_0097 9 59 27.62 1 56 52.0 149.8651 1.9477779999999998 x x 0.0 0.0 0.0 25.38 25.09 25.41 26.31 -3.0 -1.0 -3.0 23.73
98 cosmos_nb_f_0098 9 59 11.44 1 56 54.9 149.7977 1.9485830000000002 m3_10 ? 0.0 0.0 0.0 24.34 24.84 25.07 25.63 -3.0 -1.0 -3.0 23.92
99 cosmos_nb_f_0099 9 58 12.61 1 48 56.6 149.5525 1.815722 x x 0.0 0.0 0.0 23.89 24.91 24.79 25.57 -3.0 -1.0 -3.0 23.56
100 cosmos_nb_f_0100 9 58 41.16 1 49 54.6 149.6715 1.8318330000000003 x x 0.0 0.0 0.0 26.18 26.33 25.87 26.81 -3.0 -1.0 -3.0 23.92
101 cosmos_nb_f_0101 9 58 19.19 1 52 45.7 149.58 1.879361 x x 0.0 0.0 0.0 24.56 25.62 25.38 25.89 -3.0 -1.0 -3.0 23.79
102 cosmos_nb_f_0102 10 2 26.58 1 56 57.7 150.6107 1.9493610000000001 x x 0.0 0.0 0.0 25.19 24.72 25.41 26.25 -3.0 -1.0 -3.0 23.71
103 cosmos_nb_f_0103 10 2 42.01 1 59 39.8 150.675 1.994389 m4_30 ? 0.0 0.0 0.0 25.28 25.04 25.24 26.39 -3.0 -1.0 -3.0 24.0
104 cosmos_nb_f_0104 10 2 34.0 1 59 50.4 150.6417 1.9973330000000002 x x 0.0 0.0 0.0 26.51 24.90 26.00 26.33 -3.0 -1.0 -3.0 23.73
105 cosmos_nb_f_0105 10 2 8.98 2 4 45.9 150.5374 2.079417 m2_77m4_29 0.838 0.0 0.0 0.0 24.87 24.68 24.93 25.91 -3.0 -1.0 -3.0 23.36
106 cosmos_nb_f_0106 10 2 40.74 2 6 27.4 150.6697 2.107611 x x 0.0 0.0 0.0 26.10 25.21 25.24 25.95 -3.0 -1.0 -3.0 23.67
107 cosmos_nb_f_0107 10 1 53.27 2 0 46.8 150.472 2.013 m2_30m4_40 ? 0.0 0.0 0.0 25.45 24.41 25.27 25.92 -3.0 -1.0 -3.0 23.06
108 cosmos_nb_f_0108 10 1 44.26 1 57 24.6 150.4344 1.9568330000000003 m2_25 ? 0.0 0.0 0.0 24.52 25.18 24.93 25.91 -3.0 -1.0 -3.0 23.96
109 cosmos_nb_f_0109 10 2 5.24 2 6 0.1 150.5218 2.100028 m4_58 ? 0.0 0.0 0.0 26.45 24.33 25.62 26.22 -3.0 -1.0 -3.0 23.19
110 cosmos_nb_f_0110 10 1 43.94 2 6 45.0 150.4331 2.1125 m2_65 ? 0.0 0.0 0.0 24.37 24.78 25.13 25.56 -3.0 -1.0 -3.0 23.71
111 cosmos_nb_f_0111 10 1 15.03 2 1 38.1 150.3126 2.02725 m4_13 ? 0.0 0.0 0.0 25.00 24.81 25.19 26.20 -3.0 -1.0 -3.0 23.43
112 cosmos_nb_f_0112 10 0 41.01 1 57 32.3 150.1709 1.9589720000000002 m2_41 0.835 0.0 0.0 0.0 26.87 25.42 25.82 26.35 -3.0 -1.0 -3.0 23.78
113 cosmos_nb_f_0113 10 0 42.63 1 59 57.4 150.1776 1.9992779999999999 m4_35 ? 0.0 0.0 0.0 24.48 24.85 24.89 26.05 -3.0 0.8347 -3.0 23.91
114 cosmos_nb_f_0114 10 0 41.24 2 2 12.9 150.1718 2.036917 m3_77m4_23 ? 0.0 0.0 0.0 25.49 25.27 25.43 26.05 -3.0 0.821 -3.0 23.62
115 cosmos_nb_f_0115 9 59 49.02 2 5 31.9 149.9543 2.0921939999999997 m2_75 ? 0.0 0.0 0.0 0.0 0 0 0 0.0 0.0 0.0 0.0
116 cosmos_nb_f_0116 9 59 49.1 2 6 27.2 149.9546 2.107556 m2_38 ? 0.0 0.0 0.0 24.16 25.29 25.21 26.24 -3.0 -1.0 -3.0 23.98
117 cosmos_nb_f_0117 9 59 25.23 2 3 23.4 149.8551 2.0565 m2_67 ? 0.0 0.0 0.0 23.94 24.47 24.52 24.81 -3.0 -1.0 -3.0 23.48
118 cosmos_nb_f_0118 9 58 21.84 1 58 18.4 149.591 1.9717779999999998 m3_79 ? 0.0 0.0 0.0 24.18 25.25 24.51 25.74 -3.0 -1.0 -3.0 23.66
119 cosmos_nb_f_0119 9 58 12.22 2 3 39.8 149.5509 2.061056 m3_23 ? 0.0 0.0 0.0 24.04 24.86 24.64 25.07 -3.0 -1.0 -3.0 23.75
120 cosmos_nb_f_0120 9 58 46.4 2 5 7.0 149.6933 2.0852779999999997 x x 0.0 0.0 0.0 23.74 24.84 24.76 25.82 -3.0 -1.0 -3.0 23.75
121 cosmos_nb_f_0121 9 58 37.74 2 5 9.9 149.6573 2.0860830000000004 x x 0.0 0.0 0.0 24.55 24.37 24.62 25.28 -3.0 -1.0 -3.0 23.31
122 cosmos_nb_f_0122 9 58 26.78 2 5 32.5 149.6116 2.092361 m3_35 0.827 0.0 0.0 0.0 25.48 24.74 24.95 25.95 -3.0 -1.0 -3.0 23.36
123 cosmos_nb_f_0123 10 2 39.42 2 8 57.4 150.6643 2.149278 m2_27 ? 0.0 0.0 0.0 24.27 24.85 25.00 25.97 -3.0 -1.0 -3.0 23.66
124 cosmos_nb_f_0124 10 2 32.7 2 10 6.1 150.6362 2.168361 m3_50m4_77 ? 0.0 0.0 0.0 26.14 25.00 25.76 26.71 -3.0 0.8382 -3.0 23.34
125 cosmos_nb_f_0125 10 2 13.54 2 11 31.8 150.5564 2.192167 m2_44 ? 0.0 0.0 0.0 25.92 24.82 25.13 25.90 -3.0 0.0 -3.0 23.6
126 cosmos_nb_f_0126 10 2 35.4 2 12 13.8 150.6475 2.2038330000000004 m4_19 ? 0.0 0.0 0.0 25.10 25.39 27.10 27.26 -3.0 6.5931 -3.0 23.5
127 cosmos_nb_f_0127 10 2 8.13 2 12 35.2 150.5339 2.209778 m4_66 ? 0.0 0.0 0.0 ***** 26.19 ***** 27.82 -3.0 -1.0 -3.0 23.84
128 cosmos_nb_f_0128 10 2 26.63 2 13 13.6 150.611 2.220444 x x 0.0 0.0 0.0 24.88 24.89 25.10 26.05 -3.0 -1.0 -3.0 23.6
129 cosmos_nb_f_0129 10 2 13.27 2 13 39.9 150.5553 2.22775 x x 0.0 0.0 0.0 26.31 24.58 25.75 26.33 -3.0 -1.0 -3.0 23.27
130 cosmos_nb_f_0130 10 2 13.39 2 15 7.3 150.5558 2.2520279999999997 x x 0.0 0.0 0.0 23.94 24.43 24.63 24.95 -3.0 -1.0 -3.0 23.41
131 cosmos_nb_f_0131 10 1 53.86 2 9 51.7 150.4744 2.164361 m2_19 ? 0.0 0.0 0.0 25.78 24.22 25.64 26.14 -3.0 -1.0 -3.0 23.02
132 cosmos_nb_f_0132 10 1 45.19 2 7 12.4 150.4383 2.120111 x x 0.0 0.0 0.0 0.0 0 0 0 0.0 0.0 0.0 0.0
133 cosmos_nb_f_0133 10 1 38.37 2 7 24.8 150.4099 2.123556 m2_62 ? 0.0 0.0 0.0 24.08 24.48 24.65 24.95 -3.0 -1.0 -3.0 23.6
134 cosmos_nb_f_0134 10 1 40.43 2 10 59.8 150.4185 2.183278 m2_43 ? 0.0 0.0 0.0 23.61 24.33 24.58 25.47 -3.0 -1.0 -3.0 23.24
135 cosmos_nb_f_0135 10 2 4.24 2 16 57.4 150.5177 2.282611 m2_40 ? 0.0 0.0 0.0 25.83 24.72 25.78 26.24 -3.0 -1.0 -3.0 23.25
136 cosmos_nb_f_0136 10 1 9.54 2 7 26.0 150.2897 2.123889 m4_79 ? 0.0 0.0 0.0 25.43 25.22 25.76 26.15 -3.0 -1.0 -3.0 23.95
137 cosmos_nb_f_0137 10 1 20.92 2 8 56.1 150.3372 2.148917 x x 0.0 0.0 0.0 25.52 25.07 25.39 26.18 -3.0 -1.0 -3.0 23.78
138 cosmos_nb_f_0138 10 1 18.75 2 12 42.8 150.3281 2.2118889999999998 m4_75 ? 0.0 0.0 0.0 24.63 25.16 25.26 25.44 -3.0 -1.0 -3.0 23.91
139 cosmos_nb_f_0139 10 1 0.48 2 14 21.2 150.252 2.2392220000000003 m4_68 ? 0.0 0.0 0.0 25.17 24.23 25.07 25.70 -3.0 -1.0 -3.0 23.21
140 cosmos_nb_f_0140 10 0 52.13 2 14 45.8 150.2172 2.2460560000000003 x x 0.0 0.0 0.0 24.03 25.44 24.80 25.37 -3.0 -1.0 -3.0 23.88
141 cosmos_nb_f_0141 10 0 51.68 2 14 48.0 150.2153 2.246667 m4_49 ? 0.0 0.0 0.0 25.89 25.30 25.59 25.99 -3.0 -1.0 -3.0 23.98
142 cosmos_nb_f_0142 10 1 2.37 2 16 59.3 150.2599 2.283139 x x 0.0 0.0 0.0 0.0 0 0 0 0.0 0.0 0.0 0.0
143 cosmos_nb_f_0143 10 0 41.64 2 7 48.9 150.1735 2.13025 m2_13 ? 0.0 0.0 0.0 24.81 24.24 25.02 25.59 -3.0 -1.0 -3.0 23.11
144 cosmos_nb_f_0144 10 0 10.14 2 8 23.1 150.0422 2.13975 m2_23 ? 0.0 0.0 0.0 25.80 25.09 25.60 26.29 -3.0 0.833 -3.0 23.61
145 cosmos_nb_f_0145 10 0 38.07 2 9 28.7 150.1586 2.157972 m2_59 ? 0.0 0.0 0.0 24.73 24.37 25.00 25.79 -3.0 -1.0 -3.0 23.24
146 cosmos_nb_f_0146 10 0 44.53 2 10 19.1 150.1855 2.1719720000000002 m3_44m4_39 ? 0.0 0.0 0.0 ***** 25.80 26.97 27.40 -3.0 -1.0 -3.0 23.74
147 cosmos_nb_f_0147 10 0 46.27 2 13 11.0 150.1928 2.219722 m3_6 ? 0.0 0.0 0.0 23.97 24.56 24.09 24.98 -3.0 -1.0 -3.0 23.4
148 cosmos_nb_f_0148 9 59 35.94 2 9 32.3 149.8998 2.1589720000000003 m3_56 ? 0.0 0.0 0.0 23.58 24.56 24.71 26.49 -3.0 -1.0 -3.0 23.54
149 cosmos_nb_f_0149 9 59 48.5 2 11 2.6 149.9521 2.184056 m3_62 ? 0.0 0.0 0.0 25.44 24.97 26.26 26.68 -3.0 -1.0 -3.0 23.35
150 cosmos_nb_f_0150 9 59 37.97 2 12 0.3 149.9082 2.2000830000000002 m2_48m3_30 ? 0.0 0.0 0.0 27.21 25.46 26.12 26.57 -3.0 -1.0 -3.0 23.97
151 cosmos_nb_f_0151 10 0 5.09 2 12 48.6 150.0212 2.2135 m3_7 0.848 0.0 0.0 0.0 26.08 25.17 25.39 26.07 -3.0 -1.0 -3.0 23.92
152 cosmos_nb_f_0152 10 0 3.48 2 14 43.5 150.0145 2.2454169999999998 m4_1 ? 0.0 0.0 0.0 25.69 25.37 26.02 26.90 -3.0 -1.0 -3.0 23.98
153 cosmos_nb_f_0153 9 59 40.13 2 14 49.7 149.9172 2.2471389999999998 m2_1 ? 0.0 0.0 0.0 23.87 24.89 24.45 24.98 -3.0 -1.0 -3.0 23.61
154 cosmos_nb_f_0154 10 0 1.24 2 15 16.5 150.0052 2.2545830000000002 m2_74 ? 0.0 0.0 0.0 26.39 25.32 25.22 25.77 -3.0 -1.0 -3.0 23.87
155 cosmos_nb_f_0155 10 0 7.1 2 15 24.7 150.0296 2.2568610000000002 x x 0.0 0.0 0.0 23.81 24.81 24.75 25.10 -3.0 -1.0 -3.0 23.76
156 cosmos_nb_f_0156 9 59 59.31 2 15 34.4 149.9971 2.2595560000000003 m4_55 ? 0.0 0.0 0.0 23.49 24.63 25.09 27.42 -3.0 -1.0 -3.0 23.36
157 cosmos_nb_f_0157 9 59 37.09 2 16 28.2 149.9045 2.2745 m3_65 ? 0.0 0.0 0.0 24.28 24.94 24.84 25.67 -3.0 -1.0 -3.0 23.89
158 cosmos_nb_f_0158 9 59 24.37 2 7 57.8 149.8515 2.1327220000000002 m3_39 ? 0.0 0.0 0.0 24.29 24.96 25.03 25.83 -3.0 -1.0 -3.0 23.89
159 cosmos_nb_f_0159 9 59 1.37 2 15 48.4 149.7557 2.263444 m3_75 ? 0.0 0.0 0.0 25.42 24.44 25.51 26.03 -3.0 -1.0 -3.0 23.24
160 cosmos_nb_f_0160 9 59 11.4 2 16 50.6 149.7975 2.280722 m3_15 ? 0.0 0.0 0.0 0.0 0 0 0 0.0 0.0 0.0 0.0
161 cosmos_nb_f_0161 10 2 24.4 2 18 20.4 150.6017 2.3056669999999997 m4_6 ? 0.0 0.0 0.0 26.08 24.72 25.20 26.06 -3.0 -1.0 -3.0 23.43
162 cosmos_nb_f_0162 10 2 44.37 2 19 3.7 150.6849 2.317694 m4_41 ? 0.0 0.0 0.0 24.52 25.14 25.27 25.45 -3.0 -1.0 -3.0 23.97
163 cosmos_nb_f_0163 10 2 15.03 2 21 54.6 150.5626 2.365167 m4_72 ? 0.0 0.0 0.0 27.00 25.01 26.12 26.48 -3.0 -1.0 -3.0 23.47
164 cosmos_nb_f_0164 10 2 4.24 2 16 57.4 150.5177 2.282611 x x 0.0 0.0 0.0 25.83 24.72 25.78 26.24 -3.0 -1.0 -3.0 23.25
165 cosmos_nb_f_0165 10 1 29.62 2 19 30.1 150.3734 2.325028 x x 0.0 0.0 0.0 27.00 24.95 25.40 26.54 -3.0 -1.0 -3.0 23.78
166 cosmos_nb_f_0166 10 0 51.88 2 17 30.8 150.2162 2.291889 x x 0.0 0.0 0.0 24.94 24.81 25.24 26.00 -3.0 -1.0 -3.0 23.66
167 cosmos_nb_f_0167 10 1 7.65 2 21 13.6 150.2819 2.3537779999999997 m2_20 ? 0.0 0.0 0.0 27.51 24.96 26.38 27.06 -3.0 -1.0 -3.0 23.62
168 cosmos_nb_f_0168 10 0 8.65 2 23 4.4 150.036 2.3845560000000003 m3_20m4_80 ? 0.0 0.0 0.0 0.0 0 0 0 0.0 0.0 0.0 0.0
169 cosmos_nb_f_0169 10 0 46.08 2 23 50.0 150.192 2.397222 m3_5m4_37 ? 0.0 0.0 0.0 27.09 25.47 26.53 26.40 -3.0 -1.0 -3.0 23.98
170 cosmos_nb_f_0170 10 0 47.14 2 26 14.4 150.1964 2.437333 m2_54 ? 0.0 0.0 0.0 23.97 25.31 24.65 25.41 -3.0 -1.0 -3.0 23.96
171 cosmos_nb_f_0171 9 59 58.97 2 20 42.9 149.9957 2.34525 m3_72m4_62 ? 0.0 0.0 0.0 24.33 24.84 25.07 25.88 -3.0 -1.0 -3.0 23.7
172 cosmos_nb_f_0172 9 59 6.84 2 19 56.2 149.7785 2.332278 m3_49 ? 0.0 0.0 0.0 23.84 24.71 24.67 25.12 -3.0 -1.0 -3.0 23.7
173 cosmos_nb_f_0173 9 58 56.48 2 20 4.7 149.7353 2.334639 m3_1 ? 0.0 0.0 0.0 25.20 24.79 25.55 26.14 -3.0 -1.0 -3.0 23.67
174 cosmos_nb_f_0174 9 58 57.94 2 20 20.4 149.7414 2.339 x x 0.0 0.0 0.0 0.0 0 0 0 0.0 0.0 0.0 0.0
175 cosmos_nb_f_0175 9 58 51.92 2 20 56.4 149.7163 2.349 x x 0.0 0.0 0.0 25.80 24.89 25.39 25.98 -3.0 -1.0 -3.0 23.4
176 cosmos_nb_f_0176 9 58 58.57 2 21 1.3 149.744 2.350361 x x 0.0 0.0 0.0 0.0 0 0 0 0.0 0.0 0.0 0.0
177 cosmos_nb_f_0177 9 59 26.29 2 21 45.9 149.8595 2.36275 m3_71 ? 0.0 0.0 0.0 25.36 25.05 25.40 26.13 -3.0 -1.0 -3.0 23.77
178 cosmos_nb_f_0178 9 58 45.34 2 18 42.8 149.6889 2.311889 m3_74  0.0 0.0 0.0 25.13 24.35 25.33 26.32 -3.0 -1.0 -3.0 23.46
179 cosmos_nb_f_0179 9 58 32.1 2 22 20.4 149.6337 2.3723330000000002 x x 0.0 0.0 0.0 0.0 0 0 0 0.0 0.0 0.0 0.0
180 cosmos_nb_f_0180 9 58 29.08 2 24 56.2 149.6212 2.415611 m3_21 0.843 0.0 0.0 0.0 25.80 25.18 25.75 26.05 -3.0 -1.0 -3.0 23.39
181 cosmos_nb_f_0181 10 1 51.1 2 32 34.2 150.4629 2.5428330000000003 m2_64 ? 0.0 0.0 0.0 25.27 24.70 25.09 25.64 -3.0 -1.0 -3.0 23.58
182 cosmos_nb_f_0182 10 1 10.39 2 29 6.0 150.2933 2.485 m2_14 ? 0.0 0.0 0.0 25.09 24.96 25.20 26.05 -3.0 -1.0 -3.0 23.93
183 cosmos_nb_f_0183 10 1 7.53 2 31 29.0 150.2814 2.524722 m3_22m4_54 ? 0.0 0.0 0.0 24.64 24.89 24.45 25.57 -3.0 -1.0 -3.0 23.82
184 cosmos_nb_f_0184 10 1 24.79 2 34 45.0 150.3533 2.579167 m2_76 ? 0.0 0.0 0.0 24.52 24.84 24.62 25.78 -3.0 -1.0 -3.0 23.75
185 cosmos_nb_f_0185 10 1 23.21 2 34 46.3 150.3467 2.579528 m4_33 ? 0.0 0.0 0.0 24.13 25.05 24.37 25.27 -3.0 -1.0 -3.0 23.99
186 cosmos_nb_f_0186 9 59 28.66 2 32 14.6 149.8694 2.537389 x x 0.0 0.0 0.0 23.62 24.08 23.91 24.93 -3.0 -1.0 -3.0 23.03
187 cosmos_nb_f_0187 10 0 3.73 2 32 38.1 150.0155 2.543917 m3_12m4_52 ? 0.0 0.0 0.0 0.0 0 0 0 0.0 0.0 0.0 0.0
188 cosmos_nb_f_0188 9 59 38.01 2 33 24.9 149.9084 2.556917 x x 0.0 0.0 0.0 24.48 24.70 25.03 26.19 -3.0 -1.0 -3.0 23.51
189 cosmos_nb_f_0189 9 59 35.24 2 33 39.9 149.8968 2.561083 m3_14 ? 0.0 0.0 0.0 26.02 24.74 25.67 26.57 -3.0 -1.0 -3.0 23.64
190 cosmos_nb_f_0190 9 59 53.24 2 33 52.1 149.9718 2.5644720000000003 m3_69 ? 0.0 0.0 0.0 23.82 ***** 25.14 26.38 -3.0 -1.0 -3.0 23.88
191 cosmos_nb_f_0191 10 0 4.22 2 36 42.4 150.0176 2.6117779999999997 m3_38 ? 0.0 0.0 0.0 24.46 25.42 25.29 25.66 -3.0 -1.0 -3.0 23.91
192 cosmos_nb_f_0192 9 59 4.43 2 30 36.9 149.7685 2.51025 m3_70 ? 0.0 0.0 0.0 25.78 25.10 25.88 26.57 -3.0 -1.0 -3.0 23.74
193 cosmos_nb_f_0193 9 58 51.43 2 36 42.6 149.7143 2.6118330000000003 m3_66 ? 0.0 0.0 0.0 0.0 0 0 0 0.0 0.0 0.0 0.0
194 cosmos_nb_f_0194 9 58 24.25 2 33 21.5 149.601 2.555972 m3_4 ? 0.0 0.0 0.0 24.77 25.51 24.79 25.58 -3.0 -1.0 -3.0 23.62
195 cosmos_nb_f_0195 9 58 38.55 2 34 45.3 149.6606 2.57925 m3_9 ? 0.0 0.0 0.0 0.0 0 0 0 0.0 0.0 0.0 0.0
196 cosmos_nb_f_0196 9 58 38.01 2 35 8.1 149.6584 2.585583 x x 0.0 0.0 0.0 0.0 0 0 0 0.0 0.0 0.0 0.0
197 cosmos_nb_f_0197 10 2 14.67 2 37 19.8 150.5611 2.6221669999999997 m4_14 ? 0.0 0.0 0.0 25.06 25.17 25.26 26.34 -3.0 -1.0 -3.0 23.83
198 cosmos_nb_f_0198 10 2 46.19 2 41 47.8 150.6925 2.696611 m4_38 ? 0.0 0.0 0.0 26.07 25.15 25.88 25.77 -3.0 -1.0 -3.0 23.89
199 cosmos_nb_f_0199 10 2 10.29 2 44 7.3 150.5429 2.735361 m2_37 ? 0.0 0.0 0.0 ***** 26.49 ***** 27.10 -3.0 -1.0 -3.0 23.34
200 cosmos_nb_f_0200 10 2 43.02 2 46 18.6 150.6792 2.771833 m4_17 ? 0.0 0.0 0.0 24.67 25.14 25.25 26.05 -3.0 -1.0 -3.0 24.0
201 cosmos_nb_f_0201 10 1 39.37 2 38 29.7 150.414 2.6415830000000002 m2_17 ? 0.0 0.0 0.0 25.38 24.91 25.22 26.15 -3.0 -1.0 -3.0 23.91
202 cosmos_nb_f_0202 10 1 21.97 2 45 30.2 150.3415 2.7583889999999998 m4_48 ? 0.0 0.0 0.0 24.38 25.19 24.70 25.58 -3.0 -1.0 -3.0 23.93
203 cosmos_nb_f_0203 10 0 12.15 2 38 20.5 150.0506 2.6390279999999997 m3_60m4_53 ? 0.0 0.0 0.0 25.25 24.33 25.35 25.98 -3.0 -1.0 -3.0 23.03
204 cosmos_nb_f_0204 10 0 47.5 2 44 28.9 150.1979 2.741361 m4_26 ? 0.0 0.0 0.0 25.59 25.80 26.02 27.81 -3.0 -1.0 -3.0 23.85
205 cosmos_nb_f_0205 9 59 48.53 2 38 12.6 149.9522 2.636833 m3_76 ? 0.0 0.0 0.0 24.77 24.88 25.07 26.02 -3.0 -1.0 -3.0 23.57
206 cosmos_nb_f_0206 9 59 36.12 2 40 23.6 149.9005 2.673222 x x 0.0 0.0 0.0 23.61 24.84 25.26 28.23 -3.0 -1.0 -3.0 23.81
207 cosmos_nb_f_0207 9 59 35.87 2 45 3.5 149.8995 2.750972 x x 0.0 0.0 0.0 24.56 24.32 25.02 25.63 -3.0 -1.0 -3.0 23.27
208 cosmos_nb_f_0208 9 59 19.15 2 44 7.3 149.8298 2.735361 x x 0.0 0.0 0.0 23.92 24.84 24.58 26.04 -3.0 0.0 -3.0 23.95
209 cosmos_nb_f_0209 9 58 46.02 2 38 28.7 149.6918 2.641306 x x 0.0 0.0 0.0 24.28 25.22 24.51 25.72 -3.0 -1.0 -3.0 23.8
210 cosmos_nb_f_0210 9 58 38.44 2 43 27.2 149.6602 2.724222 m3_33 ? 0.0 0.0 0.0 25.52 25.86 27.29 28.03 -3.0 0.8425 -3.0 23.87
211 cosmos_nb_f_0211 10 2 40.26 2 49 55.3 150.6678 2.8320279999999998 x x 0.0 0.0 0.0 25.17 24.38 24.83 25.50 -3.0 -1.0 -3.0 23.0
212 cosmos_nb_f_0212 10 1 42.48 2 49 58.7 150.427 2.8329720000000003 m4_24 ? 0.0 0.0 0.0 0.0 0 0 0 0.0 0.0 0.0 0.0
213 cosmos_nb_f_0213 10 0 25.59 2 47 44.9 150.1066 2.7958060000000002 m2_70 0.843 0.0 0.0 0.0 24.31 24.98 24.98 25.28 -3.0 -1.0 -3.0 23.77
214 cosmos_nb_f_0214 9 59 44.9 2 47 5.2 149.9371 2.7847779999999998 x x 0.0 0.0 0.0 25.35 24.92 25.02 25.53 -3.0 -1.0 -3.0 23.41
215 cosmos_nb_f_0215 9 58 20.21 2 48 15.1 149.5842 2.804194 x x 0.0 0.0 0.0 ***** ***** ***** ***** -3.0 0.0 -3.0 23.37
216 cosmos_nb_f_0216 9 58 20.35 2 48 15.2 149.5848 2.804222 x x 0.0 0.0 0.0 0.0 0 0 0 0.0 0.0 0.0 0.0
217 cosmos_nb_f_0217 9 58 20.63 2 49 36.2 149.586 2.826722 x x 0.0 0.0 0.0 24.54 24.72 24.88 25.91 -3.0 0.8398 -3.0 23.82
17 cosmos_y2z_0017 10 0 25.27 1 58 52.0 150.1053 1.981111 j1_30 0.372 18.53 18.88 19.07 18.65 18.11 18.94 19.03 0.3726 0.372 0.37239999 0.0
18 cosmos_y2z_0018 10 2 30.67 2 44 27.4 150.6278 2.740944 j2_60 ? 19.31 19.68 19.37 19.99 19.75 20.35 20.79 -3.0 0.0 -1.0 0.0
19 cosmos_y2z_0019 9 58 44.54 1 48 45.8 149.6856 1.8127220000000002 j4_60 0.361 21.33 21.32 21.33 21.37 21.02 21.59 21.92 -3.0 0.362 -1.0 0.0
20 cosmos_y23_0020 9 58 14.87 2 29 38.9 149.562 2.494139 j3_43 0.481 21.0 21.0 21.2 20.27 21.38 20.62 21.69 0.4821 0.481 -1.0 0.0
21 cosmos_y23_0021 10 2 31.45 2 39 42.7 150.631 2.661861 j2_55j5_19 0.505 20.99 21.24 21.18 20.46 21.33 20.72 21.75 0.5064 0.505 -1.0 0.0
22 cosmos_y2z_0022 9 59 21.68 2 9 5.7 149.8403 2.151583 j3_42j4_61 0.354 21.07 21.12 21.11 21.17 20.93 21.49 22.12 0.3548 0.3533 -1.0 0.0
23 cosmos_y2z_0023 10 0 28.45 2 24 55.8 150.1185 2.4155 j2_47j5_13 0.837 21.32 21.27 21.14 21.34 20.99 21.45 21.92 0.8374 0.837 -1.0 0.0
24 cosmos_y2z_0024 9 58 37.38 2 36 2.7 149.6558 2.60075 j3_17 0.732 19.26 19.67 20.0 20.13 20.05 20.80 22.73 0.7348 0.732 -1.0 0.0
25 cosmos_y2z_0025 9 59 29.81 1 35 31.6 149.8742 1.592111 j4_69 0.758 21.34 21.42 21.35 21.44 20.96 21.53 22.12 -3.0 0.757 -1.0 0.0
26 cosmos_y2z_0026 10 2 40.59 2 44 54.1 150.6691 2.748361 j2_12f3_43 0.307 22.07 22.13 21.97 22.03 21.62 22.33 22.67 -3.0 0.3073 -1.0 0.0
27 cosmos_y2z_0027 10 1 33.66 1 54 51.9 150.3903 1.9144169999999998 j1_7 0.843 21.49 21.64 21.4 21.68 21.18 21.75 22.17 0.8437 0.843 0.84359998 0.0
28 cosmos_y2z_0028 9 59 8.27 2 47 50.2 149.7845 2.797278 j3_57 0.327 22.64 22.11 21.99 22.01 21.74 22.31 22.91 -3.0 0.3273 0.32820001 0.0
29 cosmos_y2z_0029 9 59 29.03 2 0 4.8 149.871 2.0013330000000003 j1_78j4_56 0.765 21.82 21.78 21.9 22.0 21.31 22.10 22.48 0.766 0.765 -1.0 0.0
30 cosmos_y2z_0030 9 58 6.11 1 56 56.1 149.5255 1.9489169999999998 j4_29 0.371 21.6 21.7 21.82 21.93 21.65 22.21 22.76 -3.0 0.371 -1.0 0.0
31 cosmos_y23_0031 9 58 53.09 2 35 39.7 149.7212 2.594361 j5_57 0.439 21.93 21.97 22.1 21.45 22.24 21.80 22.54 -3.0 0.439 0.43650001 0.0
32 cosmos_y2z_0032 10 1 36.83 2 6 55.8 150.4035 2.1155 j1_16j2_78 0.848 21.73 21.78 21.56 21.85 21.49 22.00 22.48 -3.0 0.848 0.8488 0.0
33 cosmos_y2z_0033 10 1 19.45 1 52 47.1 150.331 1.87975 j1_29 0.838 21.82 21.91 21.64 21.99 21.27 22.07 22.63 0.8386 0.8365 0.83880001 0.0
34 cosmos_y23_0034 9 59 24.92 2 45 32.0 149.8538 2.758889 j3_61 0.478 21.91 21.89 22.08 21.5 22.27 21.88 22.83 0.48 0.4785 0.0 0.0
35 cosmos_y23_0035 9 59 53.94 2 40 43.3 149.9748 2.6786939999999997 j2_21 0.537 20.14 20.49 20.83 20.79 21.51 21.29 23.51 -3.0 0.537 -1.0 0.0
36 cosmos_y2z_0036 10 3 5.83 2 23 59.5 150.7743 2.399861 j2_6 0.341 22.57 22.51 22.5 22.52 22.17 22.67 22.94 -3.0 0.341 -1.0 0.0
37 cosmos_y2z_0037 10 3 4.22 2 48 29.9 150.7676 2.808306 j2_64 0.816 21.76 21.79 21.84 21.92 21.62 22.25 22.89 -3.0 0.848 -1.0 0.0
38 cosmos_y2z_0038 10 2 54.37 1 47 44.5 150.7265 1.795694 j1_26 0.825 -3.0 -3.0 -3.0 22.0 21.69 22.19 22.89 0.8256 0.825 -1.0 0.0
39 cosmos_y2z_0039 10 3 13.76 2 38 42.3 150.8073 2.645083 j2_2f3_8 0.811 -3.0 -3.0 -3.0 22.17 21.75 22.31 22.96 -3.0 0.0 -1.0 0.0
40 cosmos_y2z_0040 10 0 26.72 2 15 13.8 150.1113 2.253833 j1_9f4_73f6_41 0.775 21.89 21.81 21.74 21.95 21.56 22.13 22.90 0.7767 0.775 -1.0 0.0
41 cosmos_y2z_0041 10 1 34.73 2 13 30.1 150.3947 2.225028 j1_14j5_3 0.370 21.97 22.15 22.2 22.16 21.87 22.44 23.19 -3.0 0.37 -1.0 0.0
42 cosmos_y23_0042 9 58 34.56 2 43 19.7 149.644 2.722139 j3_73 ? 21.83 22.28 21.77 21.34 22.27 22.24 22.95 -3.0 0.956 0.9558 0.0
43 cosmos_y23_0043 9 59 15.13 2 36 33.6 149.813 2.6093330000000003 j5_75 0.427 22.31 22.45 22.45 22.19 22.96 22.23 23.51 -3.0 0.427 0.42770001 0.0
44 cosmos_y2z_0044 9 58 31.34 2 23 12.7 149.6306 2.386861 j3_3 0.339 22.39 22.5 22.74 22.76 22.43 22.96 23.40 -3.0 0.339 -1.0 0.0
45 cosmos_y2z_0045 10 1 32.02 2 22 18.9 150.3834 2.371917 j2_15j5_61 0.850 22.34 22.32 22.04 22.23 21.84 22.45 23.02 0.8512 0.85 -1.0 0.0
46 cosmos_y2z_0046 10 0 49.25 2 29 17.0 150.2052 2.4880560000000003 j2_54j5_16 0.778 22.5 22.39 22.28 22.58 21.93 22.67 23.05 -3.0 0.778 -1.0 0.0
47 cosmos_y2z_0047 10 2 8.15 2 32 13.4 150.534 2.537056 j2_39j5_39 0.346 22.92 22.86 22.71 22.81 22.53 23.08 23.57 -3.0 0.346 -1.0 0.0
48 cosmos_y2z_0048 10 1 57.14 2 27 15.6 150.4881 2.454333 j2_56j5_26 0.743 22.21 22.24 22.33 22.31 22.00 22.50 23.14 0.7437 0.743 -1.0 0.0
49 cosmos_y2z_0049 9 59 31.69 2 36 50.9 149.882 2.6141389999999998 j3_2j5_35 x 21.55 21.73 21.89 22.16 21.90 22.47 23.39 0.7633 0.0 -1.0 0.0
50 cosmos_y2z_0050 9 59 49.17 2 37 0.0 149.9549 2.6166669999999996 j3_68 0.334 22.43 22.79 22.69 22.87 22.53 23.17 23.75 -3.0 0.334 -1.0 0.0
51 cosmos_y2z_0051 10 2 35.57 2 1 24.6 150.6482 2.0235 j1_19 0.840 22.27 22.19 22.03 22.4 21.73 22.53 23.15 -3.0 0.84 -1.0 0.0
52 cosmos_y2z_0052 9 59 20.17 1 41 3.4 149.834 1.684278 j4_16 0.751 21.91 22.08 22.1 22.32 21.91 22.55 23.39 -3.0 0.75 1.3368 0.0
53 cosmos_y2z_0053 10 1 18.87 1 49 36.6 150.3286 1.8268330000000002 j1_10 0.812 21.75 21.84 21.75 22.22 21.75 22.50 23.34 0.8112 0.812 -1.0 0.0
54 cosmos_y2z_0054 10 3 4.19 1 57 3.8 150.7675 1.9510560000000001 j1_42 0.835 22.35 22.24 22.1 22.44 21.94 22.63 23.20 -3.0 0.835 -1.0 0.0
55 cosmos_y2z_0055 10 0 41.59 2 37 44.2 150.1733 2.6289439999999997 j5_33 0.323 22.71 22.85 22.76 22.91 22.56 23.22 23.65 -3.0 0.323 -1.0 0.0
56 cosmos_y2z_0056 9 59 42.41 2 38 46.8 149.9267 2.6463330000000003 j3_21f3_1f6_66 ? 21.11 21.48 21.51 21.64 20.98 22.26 23.40 -3.0 0.0 -1.0 0.0
57 cosmos_y2z_0057 10 1 33.29 2 50 13.4 150.3887 2.837056 j2_58j5_36 0.816 -3.0 -3.0 -3.0 22.47 22.08 22.54 23.33 0.8162 0.816 -1.0 0.0
58 cosmos_y2z_0058 10 1 23.8 2 34 30.0 150.3492 2.575 j2_80j5_64 0.730 21.58 21.78 21.98 22.16 21.88 22.46 23.70 -3.0 0.731 -1.0 0.0
59 cosmos_y23_0059 9 59 54.39 2 7 59.8 149.9766 2.133278 j4_10f4_24f6_25 0.954 22.36 22.55 22.06 21.43 22.67 22.54 23.19 0.9553 0.9538 -1.0 0.0
60 cosmos_y2z_0060 10 1 48.9 2 2 34.4 150.4538 2.0428889999999997 j1_61 0.841 22.35 22.48 22.11 22.53 21.96 22.66 23.37 -3.0 0.841 -1.0 0.0
61 cosmos_y2z_0061 9 59 16.4 2 39 38.6 149.8183 2.6607220000000003 j3_60 0.754 22.28 22.21 22.35 22.41 22.01 22.60 23.57 -3.0 0.754 0.75419998 0.0
62 cosmos_y23_0062 9 58 14.78 2 8 36.9 149.5616 2.143583 j3_15 0.435 23.32 22.81 22.95 22.2 23.01 22.52 23.41 -3.0 0.4341 -1.0 0.0
63 cosmos_y23_0063 10 1 2.94 2 37 40.5 150.2622 2.6279169999999996 j2_73j5_59 x 22.38 22.43 22.23 21.6 22.95 22.68 23.17 -3.0 0.95 -1.0 0.0
64 cosmos_y23_0064 9 58 51.54 1 47 39.5 149.7148 1.7943060000000002 j4_6f5_60f6_15 0.995 22.1 22.12 22.01 21.75 22.53 22.55 23.45 0.9957 0.0 0.9914 0.0
65 cosmos_y2z_0065 10 0 38.73 2 4 15.8 150.1614 2.071056 j1_4 0.748 22.62 22.62 22.63 22.54 22.02 22.67 23.41 -3.0 0.748 -1.0 0.0
66 cosmos_y2z_0066 10 0 55.37 2 2 54.9 150.2307 2.0485830000000003 j1_50 0.830 22.44 22.5 22.25 22.54 22.10 22.65 23.34 0.8301 0.83 -1.0 0.0
67 cosmos_y23_0067 10 2 53.33 2 39 29.8 150.7222 2.6582779999999997 j2_63 ? 22.19 22.94 22.02 21.71 22.68 22.61 23.25 -3.0 0.0 -1.0 0.0
68 cosmos_y2z_0068 9 59 58.13 1 30 51.4 149.9922 1.514278 j4_7f5_26 0.778 -3.0 -3.0 -3.0 22.88 22.35 22.90 23.51 -3.0 0.0 -1.0 0.0
69 cosmos_y2z_0069 10 1 0.83 2 21 5.8 150.2535 2.351611 j1_56f2_10f3_44 0.749 22.41 22.48 22.56 22.64 22.32 22.81 23.63 -3.0 0.7489 -1.0 0.0
70 cosmos_y23_0070 10 1 53.4 2 45 11.5 150.4725 2.7531939999999997 j5_53 0.914 23.16 23.07 22.38 21.89 22.73 22.66 23.19 -3.0 0.914 -1.0 0.0
71 cosmos_y2z_0071 9 58 55.1 2 29 27.7 149.7296 2.491028 j3_39 0.832 23.05 23.21 22.65 22.98 22.25 23.02 23.37 -3.0 0.832 -1.0 0.0
72 cosmos_y2z_0072 9 59 16.07 2 19 56.2 149.817 2.332278 j3_27j5_63 0.760 22.46 22.52 22.63 22.63 22.31 22.81 23.78 -3.0 0.761 -1.0 0.0
73 cosmos_y2z_0073 10 2 34.27 2 48 31.0 150.6428 2.808611 j2_37 0.728 22.42 22.85 22.88 22.78 22.24 22.88 23.58 -3.0 0.728 -1.0 0.0
74 cosmos_y23_0074 10 1 31.89 2 28 39.5 150.3829 2.477639 j2_23j5_27 0.472 22.49 22.55 22.69 22.27 22.97 22.66 23.94 -3.0 0.472 -1.0 0.0
75 cosmos_y2z_0075 9 59 42.04 2 44 6.8 149.9252 2.7352220000000003 j3_53 0.823 22.4 22.75 22.59 22.78 22.32 22.91 23.46 -3.0 0.823 -1.0 0.0
76 cosmos_y2z_0076 10 2 31.85 1 39 24.2 150.6327 1.656722 j1_40 0.831 22.63 22.44 22.51 22.64 22.22 22.72 23.57 -3.0 0.831 -1.0 0.0
77 cosmos_y23_0077 9 59 6.92 2 23 55.4 149.7788 2.3987220000000002 j3_26f6_57 x 22.21 22.33 22.32 21.84 22.73 22.85 24.07 -3.0 0.0 -1.0 0.0
78 cosmos_y23_0078 9 58 4.68 1 49 50.1 149.5195 1.830583 j4_43f5_47 0.988 22.36 22.47 22.15 21.75 22.63 22.56 23.18 -3.0 0.0 -1.0 0.0
79 cosmos_y23_0079 10 1 0.84 1 42 54.7 150.2535 1.7151939999999999 j1_38 ? 22.69 22.95 22.46 22.15 22.99 22.88 23.36 -3.0 0.931 -1.0 0.0
80 cosmos_y23_0080 10 0 11.62 2 37 44.1 150.0484 2.628917 j2_81f4_2 x 22.38 22.4 22.2 22.0 22.74 22.75 23.55 -3.0 0.0 0.9601 0.0
81 cosmos_y2z_0081 10 1 54.32 2 28 23.4 150.4763 2.4731669999999997 j2_31j5_6 0.833 22.51 22.19 22.01 22.59 22.05 22.75 23.78 -3.0 0.833 -1.0 0.0
82 cosmos_y23_0082 10 2 33.78 1 59 29.8 150.6407 1.991611 j1_70f1_53f2_73 ? 22.53 22.95 22.46 22.09 22.85 22.86 23.36 -3.0 0.0 -1.0 0.0
83 cosmos_y2z_0083 9 57 44.47 1 49 54.8 149.4353 1.8318889999999999 j4_72 0.819 21.18 21.4 21.57 22.03 21.98 22.74 23.82 -3.0 0.818 -1.0 0.0
84 cosmos_y23_0084 9 58 26.28 2 3 26.9 149.6095 2.057472 j3_30j4_50 0.500 22.92 22.75 23.18 22.32 23.15 22.50 23.77 -3.0 0.5 -1.0 0.0
85 cosmos_y23_0085 10 2 6.75 2 26 50.2 150.5281 2.447278 j2_65f2_49 0.931 22.3 22.46 22.34 22.03 22.75 22.71 23.45 -3.0 0.9302 -1.0 0.0
86 cosmos_y2z_0086 10 2 39.06 2 41 26.9 150.6627 2.6908060000000003 j5_67 x 22.63 23.07 22.8 22.85 22.44 23.13 23.72 -3.0 0.0 -1.0 0.0
87 cosmos_y2z_0087 10 3 0.04 1 49 28.3 150.7502 1.824528 j1_6 0.827 -3.0 -3.0 -3.0 22.7 22.32 22.93 23.73 -3.0 0.827 -1.0 0.0
88 cosmos_y23_0088 10 2 2.7 2 44 53.2 150.5112 2.748111 j2_76 x 23.12 22.78 22.56 22.01 22.84 22.83 23.45 -3.0 0.0 -1.0 0.0
89 cosmos_y2z_0089 10 1 53.16 1 46 26.2 150.4715 1.773944 j1_63 0.833 22.54 22.79 22.59 23.0 22.61 23.04 23.68 -3.0 0.833 -1.0 0.0
90 cosmos_y2z_0090 10 1 37.74 1 30 7.1 150.4073 1.5019719999999999 j1_55 0.836 -3.0 -3.0 -3.0 22.78 22.29 22.94 23.70 -3.0 0.836 -1.0 0.0
91 cosmos_y23_0091 10 2 22.82 2 39 55.5 150.5951 2.6654169999999997 j2_18 0.879 22.7 22.71 22.32 22.02 22.75 22.83 23.69 -3.0 0.878 -1.0 0.0
92 cosmos_y2z_0092 10 0 18.82 2 27 9.0 150.0784 2.4525 j5_74 x 22.69 22.92 22.9 22.8 21.47 23.03 24.30 -3.0 0.0 -1.0 0.0
93 cosmos_y2z_0093 9 59 27.3 2 29 37.8 149.8638 2.493833 j3_44 0.733 22.68 22.43 22.73 22.9 22.51 22.99 24.02 -3.0 0.733 0.73269999 0.0
94 cosmos_y2z_0094 9 59 57.91 1 50 11.2 149.9913 1.836444 j4_5f1_59f5_16 0.791 22.71 22.88 22.76 22.94 22.44 23.05 23.93 -3.0 0.0 -1.0 0.0
95 cosmos_y2z_0095 9 59 41.04 2 28 21.8 149.921 2.472722 j3_65 0.756 22.45 22.49 22.72 22.83 22.38 23.06 23.87 -3.0 0.756 -1.0 0.0
96 cosmos_y23_0096 10 1 39.81 2 21 47.9 150.4159 2.363306 j1_47j5_42 0.925 22.49 22.93 22.5 21.64 23.03 22.90 23.57 -3.0 0.925 -1.0 0.0
97 cosmos_y2z_0097 10 2 10.08 2 49 5.4 150.542 2.818167 j2_14j5_17f3_2 0.830 22.03 22.35 22.31 22.82 22.49 22.97 23.86 -3.0 0.0 -1.0 0.0
98 cosmos_y23_0098 10 0 5.8 2 41 46.2 150.0242 2.696167 j2_11j5_50 0.923 22.52 22.8 22.54 21.89 22.95 22.89 23.65 -3.0 0.923 -1.0 0.0
99 cosmos_y23_0099 9 59 13.96 1 38 11.4 149.8082 1.6365 j4_57 0.459 22.34 22.67 22.64 22.65 23.36 23.20 24.32 -3.0 0.458 -1.0 0.0
100 cosmos_y2z_0100 9 58 0.82 1 47 9.1 149.5034 1.7858610000000001 j4_47 0.790 22.61 23.15 22.71 22.93 22.49 23.00 23.80 -3.0 0.789 -1.0 0.0
101 cosmos_y23_0101 10 1 45.93 2 9 18.9 150.4414 2.15525 j1_58 0.538 22.71 22.73 22.81 22.57 23.67 22.80 24.11 -3.0 1.066 -1.0 0.0
102 cosmos_y23_0102 9 58 52.92 2 27 31.3 149.7205 2.458694 j3_6 x 22.77 22.93 22.64 22.28 23.26 23.13 23.71 -3.0 0.0 -1.0 0.0
103 cosmos_y2z_0103 9 59 31.02 1 34 56.3 149.8793 1.582306 f5_40 0.783 -3.0 -3.0 -3.0 22.98 22.52 23.13 23.97 -3.0 0.782 -1.0 0.0
104 cosmos_y2z_0104 10 2 23.36 2 0 48.7 150.5973 2.013528 f1_34f2_14 0.796 21.4 21.81 21.83 22.37 21.91 22.97 24.23 -3.0 0.795 -1.0 0.0
105 cosmos_y23_0105 9 58 33.32 2 3 23.2 149.6388 2.056444 j3_55f5_64 0.974 22.31 22.5 22.28 22.05 22.78 22.88 23.81 -3.0 0.0 -1.0 0.0
106 cosmos_y2z_0106 10 2 23.13 2 47 4.7 150.5964 2.784639 j2_17f3_5 0.795 23.1 22.62 22.65 22.81 22.43 23.00 23.83 -3.0 0.0 -1.0 0.0
107 cosmos_y23_0107 10 0 31.23 2 0 46.3 150.1301 2.012861 f1_70 x 23.11 23.32 22.81 22.04 23.27 23.14 23.62 -3.0 -1.0 -1.0 0.0
108 cosmos_y23_0108 9 59 6.4 2 35 41.9 149.7767 2.5949720000000003 f4_43 0.492 22.93 22.96 23.02 22.57 23.29 22.81 23.97 -3.0 0.492 0.49250001 0.0
109 cosmos_y2z_0109 9 59 17.15 1 51 10.2 149.8215 1.8528330000000002 j4_63f5_12f6_53 0.741 23.1 22.99 22.84 22.99 22.66 23.14 23.97 -3.0 0.7407 0.74159998 0.0
110 cosmos_y23_0110 9 58 12.86 2 34 2.0 149.5536 2.567222 j3_13f4_76f6_67 ? 22.46 22.67 22.5 22.25 22.98 23.00 23.95 -3.0 0.0 -1.0 0.0
111 cosmos_y23_0111 9 57 59.51 2 42 15.9 149.498 2.704417 j3_56f4_69f6_63 0.879 23.32 23.74 22.97 22.43 23.42 23.39 23.94 -3.0 0.878 -1.0 0.0
112 cosmos_y2z_0112 10 1 46.76 2 1 37.4 150.4448 2.027056 j1_21 0.849 22.49 22.75 22.6 22.88 22.50 23.13 24.01 -3.0 0.0 -1.0 0.0
113 cosmos_y23_0113 9 58 26.83 1 38 23.6 149.6118 1.639889 j4_36 0.469 22.98 22.81 23.47 22.92 23.77 23.31 24.36 -3.0 0.469 -1.0 0.0
114 cosmos_y23_0114 10 2 36.99 2 11 0.4 150.6541 2.1834439999999997 j1_53j2_30 ? 22.69 22.97 22.62 22.39 23.14 23.15 23.87 -3.0 0.0 0.96520001 0.0
115 cosmos_y23_0115 10 1 47.66 1 40 18.3 150.4486 1.67175 j1_24 x 22.83 23.24 22.69 21.78 23.17 23.20 23.82 -3.0 0.0 -1.0 0.0
116 cosmos_y2z_0116 10 1 56.68 1 39 52.8 150.4862 1.664667 j1_3 0.833 22.67 23.22 22.79 22.93 22.56 23.12 23.90 -3.0 0.833 -1.0 0.0
117 cosmos_y23_0117 9 57 48.89 2 18 39.2 149.4537 2.310889 j3_14f4_35 ? 22.66 23.17 22.93 22.35 23.30 23.20 23.95 -3.0 0.0 -1.0 0.0
118 cosmos_y23_0118 9 59 30.2 2 10 43.8 149.8758 2.178833 j1_71 0.886 22.98 23.02 22.92 22.52 23.32 23.24 24.00 -3.0 0.886 -1.0 0.0
119 cosmos_y23_0119 9 59 41.98 2 40 46.5 149.9249 2.679583 j5_20 0.438 23.62 23.6 23.85 22.89 23.92 23.08 24.02 -3.0 0.438 -1.0 0.0
120 cosmos_y23_0120 10 0 36.39 1 40 47.5 150.1516 1.679861 j1_57 0.899 23.57 23.67 22.82 21.93 23.39 23.35 23.86 -3.0 0.899 -1.0 0.0
121 cosmos_y23_0121 9 59 54.7 2 36 40.6 149.9779 2.611278 j2_36f3_46f4_21f6_11 0.526 23.64 23.92 23.75 22.87 24.08 22.86 24.13 -3.0 0.526 -1.0 0.0
122 cosmos_y23_0122 10 2 39.56 1 47 43.6 150.6648 1.7954439999999998 f1_7f2_9 ? 22.6 22.89 22.56 22.24 23.22 23.12 23.73 -3.0 -1.0 -1.0 0.0
123 cosmos_y23_0123 9 59 20.66 2 7 51.3 149.8361 2.1309169999999997 j3_62f4_28f6_7 0.950 23.01 22.88 22.83 22.47 23.25 23.30 24.08 -3.0 0.0 -1.0 0.0
124 cosmos_y23_0124 9 59 41.02 2 33 52.9 149.9209 2.564694 j3_19 0.891 22.64 22.74 22.69 22.44 23.23 23.26 24.12 -3.0 0.89 -1.0 0.0
125 cosmos_y23_0125 10 2 30.28 2 3 26.6 150.6262 2.057389 j1_2f2_38 x 23.08 23.07 22.93 22.54 23.39 23.30 24.04 -3.0 0.0 -1.0 0.0
126 cosmos_y23_0126 9 59 32.88 1 55 12.6 149.887 1.9201669999999997 j1_39j4_55 0.931 23.55 23.93 22.99 21.95 24.01 23.52 24.02 -3.0 0.931 0.93110001 0.0
127 cosmos_y23_0127 10 1 41.24 1 43 17.1 150.4218 1.7214169999999998 j1_54 0.968 23.29 23.2 22.91 22.31 23.45 23.45 24.02 -3.0 0.968 -1.0 0.0
128 cosmos_y23_0128 10 0 24.32 2 7 2.2 150.1013 2.1172779999999998 j5_44f1_3 ? 23.29 23.5 22.93 22.24 23.33 23.29 24.00 -3.0 0.0 -1.0 0.0
129 cosmos_y23_0129 10 1 24.89 2 20 10.5 150.3537 2.33625 j2_13j5_29f2_46f3_37 0.926 23.13 23.56 23.15 22.65 23.52 23.44 23.98 -3.0 0.0 -1.0 0.0
130 cosmos_y23_0130 10 1 20.81 1 38 59.2 150.3367 1.649778 f1_57 ? 23.04 23.21 23.26 22.79 23.53 23.64 24.32 0.3664 -1.0 -1.0 0.0
131 cosmos_y23_0131 10 2 30.41 2 37 34.2 150.6267 2.6261669999999997 j5_5f2_23f3_42 x 22.98 23.58 23.01 22.64 23.42 23.40 24.08 -3.0 0.0 -1.0 0.0
132 cosmos_y23_0132 10 2 55.61 2 48 20.7 150.7317 2.80575 f3_19 0.969 22.88 22.91 23.12 22.58 23.45 23.52 24.16 -3.0 -1.0 -1.0 0.0
133 cosmos_y23_0133 9 59 2.82 1 36 52.5 149.7618 1.614583 j4_3f5_42 ? 23.43 23.34 23.19 22.7 23.53 23.42 24.20 -3.0 0.0 -1.0 0.0
134 cosmos_y23_0134 10 1 11.07 2 44 30.5 150.2961 2.741806 j2_9j5_65 ? 23.41 23.52 23.2 22.8 23.68 23.69 24.40 -3.0 0.0 -1.0 0.0
135 cosmos_y2z_0135 10 2 34.82 2 2 9.0 150.6451 2.0358330000000002 j1_69f1_11 ? 21.01 21.34 21.75 22.58 22.57 23.55 24.46 -3.0 0.0 -1.0 0.0
136 cosmos_y23_0136 9 58 50.63 2 18 23.2 149.711 2.306444 j3_74 0.902 23.62 23.31 23.17 22.78 23.56 23.53 24.18 -3.0 0.902 -1.0 0.0
137 cosmos_y23_0137 9 59 14.05 2 35 53.9 149.8085 2.598306 f4_60 0.472 23.15 23.55 23.31 22.9 23.69 23.21 24.66 -3.0 0.472 0.47279999 0.0
138 cosmos_y23_0138 10 0 43.06 2 1 45.4 150.1794 2.0292779999999997 j1_20 0.435 22.93 23.18 23.35 22.98 23.73 23.34 24.58 -3.0 0.435 0.0 0.0
139 cosmos_y23_0139 10 0 50.44 2 12 10.5 150.2102 2.202917 j1_31 0.502 22.95 22.9 23.26 22.9 23.60 23.40 24.91 -3.0 0.502 -1.0 0.0
140 cosmos_y23_0140 10 2 32.96 2 27 28.8 150.6373 2.458 f2_54f3_41 ? 23.45 24.17 23.12 22.68 23.57 23.55 24.23 -3.0 -1.0 -1.0 0.0
141 cosmos_y23_0141 10 2 15.76 2 8 8.5 150.5657 2.135694 j1_17j2_29 0.926 23.36 23.71 23.11 22.43 23.59 23.48 24.22 -3.0 0.926 0.926 0.0
142 cosmos_y23_0142 9 58 12.96 2 35 52.1 149.554 2.5978060000000003 j3_48 0.928 23.0 23.16 23.03 22.78 23.76 23.53 24.21 -3.0 0.928 -1.0 0.0
143 cosmos_y23_0143 10 0 4.29 1 55 39.1 150.0179 1.927528 j4_2f1_77f5_10f6_ ? 23.34 23.72 23.21 22.32 23.82 23.70 24.24 -3.0 0.0 -1.0 0.0
144 cosmos_y23_0144 9 58 58.26 2 11 49.9 149.7428 2.1971939999999996 j3_59j4_42 x 23.12 23.45 23.14 22.85 23.62 23.60 24.35 -3.0 0.0 -1.0 0.0
145 cosmos_y23_0145 9 59 9.99 2 35 20.9 149.7916 2.589139 j5_31f4_55 0.478 22.5 22.64 23.06 22.96 23.73 23.64 24.58 -3.0 0.0 0.47839999 0.0
146 cosmos_y23_0146 9 58 25.39 2 20 22.2 149.6058 2.3395 j3_24f4_32f6_9 ? 23.62 24.33 23.39 22.78 23.69 23.62 24.15 -3.0 0.0 -1.0 0.0
147 cosmos_y23_0147 10 2 16.1 2 1 39.4 150.5671 2.0276110000000003 f1_67f2_55 ? 23.32 23.57 23.22 22.77 23.57 23.57 24.18 -3.0 -1.0 -1.0 0.0
148 cosmos_y23_0148 10 3 10.42 2 40 29.3 150.7934 2.6748060000000002 j2_22f2_45f3_38 ? 23.6 24.64 22.84 22.45 23.15 23.15 24.02 -3.0 0.0 -1.0 0.0
149 cosmos_y23_0149 9 58 35.23 2 22 59.6 149.6468 2.383222 j3_7f4_75f6_55 x 23.75 23.66 23.39 22.84 23.83 23.61 24.17 -3.0 0.0 -1.0 0.0
150 cosmos_y23_0150 10 0 29.77 2 32 1.8 150.124 2.533833 j2_61j5_47 x 23.51 23.64 23.21 22.91 23.74 23.69 24.28 -3.0 0.0 0.99080002 0.0
151 cosmos_y23_0151 10 0 34.19 2 47 8.1 150.1425 2.7855830000000004 j2_4j5_56 ? 24.09 23.48 23.44 22.77 23.68 23.54 24.17 -3.0 0.0 -1.0 0.0
152 cosmos_y23_0152 9 58 31.81 2 5 30.1 149.6325 2.091694 j4_21f6_42 x 23.07 23.88 23.22 22.82 23.88 23.74 24.41 -3.0 0.0 -1.0 0.0
153 cosmos_y23_0153 10 0 4.89 2 31 14.1 150.0204 2.5205830000000002 j3_69f3_36f4_36f6_17 ? 22.96 23.07 23.4 22.84 23.56 23.63 24.91 -3.0 0.0 -1.0 0.0
154 cosmos_y23_0154 10 0 39.07 2 38 21.2 150.1628 2.639222 j2_50f3_47f4_67 x 23.65 23.76 23.19 22.84 23.84 23.65 24.28 -3.0 0.0 -1.0 0.0
155 cosmos_y23_0155 9 58 25.91 2 18 39.6 149.608 2.311 j3_54 ? 23.26 23.49 23.35 22.82 23.61 23.64 24.42 -3.0 0.691 -1.0 0.0
156 cosmos_y23_0156 10 1 57.15 2 47 1.3 150.4881 2.7836939999999997 j2_49f3_69 ? 25.89 24.23 23.49 22.81 23.79 23.70 24.33 -3.0 0.0 -1.0 0.0
157 cosmos_y23_0157 9 58 43.73 2 46 30.3 149.6822 2.775083 j3_16f4_30 ? 23.72 23.08 23.16 22.89 23.81 23.63 24.45 -3.0 0.0 0.92559999 0.0
158 cosmos_y23_0158 10 0 14.44 2 46 27.8 150.0602 2.7743889999999998 j5_9f3_78f4_17 ? 23.35 23.67 23.18 22.69 23.73 23.63 24.51 -3.0 0.0 -1.0 0.0
159 cosmos_y23_0159 10 2 20.93 2 43 39.9 150.5872 2.72775 j5_21 ? 23.06 23.39 23.06 22.86 23.56 23.56 24.35 -3.0 0.0 -1.0 0.0
160 cosmos_y23_0160 9 57 57.75 2 34 1.6 149.4906 2.567111 j3_9 0.905 23.21 23.37 23.06 22.75 23.56 23.46 24.45 -3.0 0.905 -1.0 0.0
161 cosmos_y23_0161 9 57 45.89 2 36 47.7 149.4412 2.61325 j3_33f6_50 ? 23.76 23.71 23.8 22.88 24.06 23.89 24.41 -3.0 0.0 -1.0 0.0
162 cosmos_y23_0162 10 1 11.55 1 56 35.1 150.2981 1.9430830000000001 j1_13f1_50f2_63 ? 22.65 23.19 23.07 22.53 23.25 23.23 23.98 -3.0 0.0 -1.0 0.0
163 cosmos_y23_0163 10 1 16.6 1 57 32.2 150.3192 1.9589439999999998 j1_28 ? 23.57 23.94 23.61 22.76 23.68 23.72 24.36 -3.0 1.024 -1.0 0.0
164 cosmos_y23_0164 10 2 52.77 2 25 17.9 150.7199 2.421639 j2_43 x 23.39 23.37 23.22 22.96 23.81 23.77 24.46 -3.0 0.0 -1.0 0.0
165 cosmos_y23_0165 10 2 12.57 2 19 39.1 150.5524 2.327528 j2_25j5_18 x 23.01 23.27 23.2 22.87 23.63 23.64 24.70 -3.0 0.0 -1.0 0.0
166 cosmos_y23_0166 10 1 49.34 2 44 29.8 150.4556 2.7416110000000002 f3_26 0.920 23.67 23.38 23.53 22.93 24.09 24.02 24.68 -3.0 -1.0 -1.0 0.0
167 cosmos_y23_0167 10 1 45.25 2 45 33.6 150.4385 2.7593330000000003 j2_24j5_60 x 24.3 23.51 23.58 22.75 23.84 23.69 24.45 -3.0 0.0 -1.0 0.0
168 cosmos_y23_0168 10 0 49.16 2 11 53.1 150.2048 2.198083 j2_79j5_38 x 24.59 23.88 23.54 22.97 23.87 23.84 24.48 -3.0 0.0 -1.0 0.0
169 cosmos_y23_0169 10 2 3.29 2 15 51.3 150.5137 2.26425 j1_67j2_57 x 24.22 24.75 23.72 22.8 24.35 24.01 24.42 -3.0 0.58 -1.0 0.0
170 cosmos_y23_0170 9 57 38.78 2 45 54.8 149.4116 2.765222 j3_32 x 24.35 24.55 23.49 22.97 24.10 23.97 24.61 -3.0 0.0 -1.0 0.0
171 cosmos_y23_0171 10 0 4.18 1 46 43.0 150.0174 1.7786110000000002 j1_65f1_39 x 25.79 24.84 23.88 22.9 24.97 24.43 24.89 -3.0 0.0 0.92650002 0.0
172 cosmos_y23_0172 10 2 5.65 1 38 49.0 150.5235 1.646944 f1_54 x 21.52 21.66 24.96 22.99 24.26 24.53 27.52 -3.0 -1.0 -1.0 0.0
173 cosmos_y2z_0173 10 0 16.41 2 7 9.1 150.0684 2.119194 j1_34f6_6 x -3.0 -3.0 -3.0 22.44 22.33 23.44 24.16 -3.0 0.0 0.0 0.0
174 cosmos_y23_0174 9 57 23.51 1 48 31.6 149.348 1.8087779999999998 j4_53f5_46 ? 23.02 23.11 22.8 22.49 23.26 23.35 24.36 -3.0 0.0 -1.0 0.0
175 cosmos_y23_0175 9 57 38.72 1 56 30.8 149.4113 1.941889 j4_65f5_3f6_32 0.993 22.75 22.96 22.46 21.83 22.65 22.63 23.49 -3.0 0.0 -1.0 0.0
176 cosmos_y2z_0176 9 57 6.64 2 2 29.2 149.2777 2.041444 j4_44 0.718 -3.0 -3.0 -3.0 22.3 21.60 22.34 22.88 -3.0 0.717 -1.0 0.0
177 cosmos_y23_0177 9 57 23.83 1 58 51.3 149.3493 1.9809169999999998 j4_31 x 23.51 23.44 23.37 22.87 23.65 23.59 24.27 -3.0 0.0 -1.0 0.0
178 cosmos_y23_0178 9 57 35.02 2 24 54.8 149.3959 2.415222 j3_37f4_44f6_48 x 24.54 23.59 24.1 22.81 24.59 24.22 24.74 -3.0 0.0 -1.0 0.0
179 cosmos_y2z_0179 10 0 22.77 2 54 52.9 150.0949 2.914694 j5_66 0.732 -3.0 -3.0 -3.0 22.79 22.24 22.87 23.67 -3.0 0.732 -1.0 0.0
180 cosmos_y23_0180 9 57 18.9 2 25 57.4 149.3288 2.432611 j3_47f4_1f6_70 ? 23.13 23.18 23.11 22.6 23.33 23.35 24.23 -3.0 0.0 -1.0 0.0
181 cosmos_y2z_0181 10 1 11.63 3 0 20.6 150.2985 3.005722 j2_70j5_48 0.730 -3.0 -3.0 -3.0 22.04 21.72 22.20 22.96 -3.0 0.73 -1.0 0.0
182 cosmos_y2z_0182 10 1 1.43 3 1 29.8 150.256 3.024944 f3_68 0.861 -3.0 -3.0 -3.0 22.85 22.13 22.96 23.65 -3.0 0.8156 -1.0 0.0
183 cosmos_y2z_0183 10 0 32.43 1 28 3.2 150.1351 1.4675559999999999 f5_25 0.344 -3.0 -3.0 -3.0 22.35 21.60 22.51 22.47 -3.0 0.3439 -1.0 0.0
184 cosmos_y2z_0184 10 1 5.68 1 29 50.0 150.2737 1.4972219999999998 j1_76 0.724 -3.0 -3.0 -3.0 21.77 21.17 21.83 22.43 -3.0 0.724 -1.0 0.0
185 cosmos_y2z_0185 9 58 50.24 1 26 48.1 149.7093 1.4466940000000001 j4_27 0.788 -3.0 -3.0 -3.0 22.59 22.16 22.74 23.40 -3.0 0.788 -1.0 0.0
186 cosmos_y2z_0186 9 59 6.57 1 26 33.1 149.7774 1.442528 j4_48f5_14 0.784 -3.0 -3.0 -3.0 21.92 21.57 22.09 22.76 -3.0 0.784 -1.0 0.0
187 cosmos_y23_0187 9 57 28.19 2 2 2.8 149.3675 2.0341110000000002 j4_4f6_64 x 23.58 23.83 23.51 22.96 23.72 23.82 24.39 -3.0 0.0 -1.0 0.0
188 cosmos_y2z_0188 10 3 38.03 2 32 27.2 150.9085 2.540889 f2_36 0.833 -3.0 -3.0 -3.0 22.87 21.80 23.00 23.63 -3.0 0.833 -1.0 0.0
189 cosmos_y23_0189 9 57 37.01 2 2 59.5 149.4042 2.049861 j3_40 0.863 22.6 22.7 22.52 21.95 23.19 23.03 23.70 -3.0 0.0 -1.0 0.0
190 cosmos_y2z_0190 10 3 19.84 2 21 48.0 150.8327 2.3633330000000004 j2_27 0.363 -3.0 -3.0 -3.0 21.89 21.62 22.14 22.62 -3.0 0.363 -1.0 0.0
191 cosmos_y2z_0191 9 57 25.28 2 33 23.2 149.3553 2.556444 j3_20 0.819 22.89 22.95 22.64 22.93 22.52 23.08 23.83 -3.0 0.82 -1.0 0.0
192 cosmos_y2z_0192 9 57 10.51 2 16 13.8 149.2938 2.2705 j3_22 0.847 23.19 22.9 22.76 22.95 22.68 23.26 24.12 -3.0 0.847 -1.0 0.0
193 cosmos_y2z_0193 9 57 11.16 2 11 4.0 149.2965 2.184444 j3_34 0.828 17.0 17.6 17.79 18.72 18.94 19.97 22.65 -3.0 0.828 -1.0 0.0
194 cosmos_y2z_0194 10 3 43.05 2 13 29.6 150.9294 2.224889 f2_67 0.727 -3.0 -3.0 -3.0 22.18 21.85 22.38 23.17 -3.0 -3.0 -1.0 0.0
195 cosmos_y2z_0195 10 3 32.68 2 8 8.0 150.8862 2.1355560000000002 f2_5 0.367 -3.0 -3.0 -3.0 22.9 22.39 22.91 23.50 -3.0 0.3672 -1.0 0.0
196 cosmos_y23_0196 9 57 21.08 1 51 48.6 149.3378 1.8635 j4_73f5_66 0.478 23.41 23.11 23.27 22.96 23.69 23.38 24.65 -3.0 0.0 -1.0 0.0
1 cosmos_rem_0001 9 59 2.82 1 36 52.5 149.7618 1.614583 x x 23.43 23.34 23.19 22.7 23.53 23.42 24.20 -3.0 0.0 -1.0 0.0
2 cosmos_rem_0002 10 1 47.66 1 40 18.3 150.4486 1.67175 x x 22.83 23.24 22.69 21.78 23.17 23.20 23.82 -3.0 0.0 -1.0 0.0
3 cosmos_rem_0003 10 2 5.65 1 38 49.0 150.5235 1.646944 x x 21.52 21.66 24.96 22.99 24.26 24.53 27.52 -3.0 -1.0 -1.0 0.0
4 cosmos_rem_0004 10 2 5.6 1 39 20.7 150.5233 1.65575 x x 20.55 21.35 22.75 22.12 22.93 23.69 26.28 -3.0 -3.0 -1.0 0.0
5 cosmos_rem_0005 10 1 20.81 1 38 59.2 150.3367 1.649778 x x 23.04 23.21 23.26 22.79 23.53 23.64 24.32 0.3664 -1.0 -1.0 0.0
6 cosmos_rem_0006 10 0 4.18 1 46 43.0 150.0174 1.7786110000000002 x x 25.79 24.84 23.88 22.9 24.97 24.43 24.89 -3.0 0.0 0.92650002 0.0
7 cosmos_rem_0007 9 59 8.3 1 45 3.4 149.7846 1.7509439999999998 x x 23.61 23.46 23.16 22.9 24.96 23.95 24.36 -3.0 -3.0 -1.0 0.0
8 cosmos_rem_0008 10 2 39.56 1 47 43.6 150.6648 1.7954439999999998 x x 22.6 22.89 22.56 22.24 23.22 23.12 23.73 -3.0 -1.0 -1.0 0.0
9 cosmos_rem_0009 10 1 26.26 1 56 22.5 150.3594 1.9395830000000003 x x 24.02 24.08 23.41 22.69 23.52 23.57 24.26 -3.0 0.0 0.96869999 0.0
10 cosmos_rem_0010 10 1 11.55 1 56 35.1 150.2981 1.9430830000000001 x x 22.65 23.19 23.07 22.53 23.25 23.23 23.98 -3.0 0.0 -1.0 0.0
11 cosmos_rem_0011 10 0 16.84 1 48 48.1 150.0702 1.813361 x x 22.19 22.04 22.24 21.62 22.42 22.69 23.81 -3.0 0.0 -1.0 0.0
12 cosmos_rem_0012 10 0 31.11 1 56 7.9 150.1296 1.935528 x x 22.77 23.12 22.6 22.32 23.03 23.12 23.92 -3.0 0.0 -1.0 0.0
13 cosmos_rem_0013 10 0 4.29 1 55 39.1 150.0179 1.927528 x x 23.34 23.72 23.21 22.32 23.82 23.70 24.24 -3.0 0.0 -1.0 0.0
14 cosmos_rem_0014 9 58 51.54 1 47 39.5 149.7148 1.7943060000000002 x x 22.1 22.12 22.01 21.75 22.53 22.55 23.45 0.9957 0.0 0.9914 0.0
15 cosmos_rem_0015 9 59 20.56 1 47 46.6 149.8357 1.7962779999999998 x x 22.72 23.28 23.02 22.74 23.74 23.71 24.47 -3.0 -3.0 0.0 0.0
16 cosmos_rem_0016 9 58 8.61 1 48 19.5 149.5359 1.8054169999999998 x x 22.11 22.53 22.84 22.5 23.34 23.82 25.54 -3.0 -3.0 -1.0 0.0
17 cosmos_rem_0017 9 58 4.68 1 49 50.1 149.5195 1.830583 x x 22.36 22.47 22.15 21.75 22.63 22.56 23.18 -3.0 0.0 -1.0 0.0
18 cosmos_rem_0018 9 57 4.17 1 53 49.3 149.2674 1.897028 x x 0.0 0.0 0.0 0.0 0 0 0 0.0 0.0 0.0 0.0
19 cosmos_rem_0019 9 57 38.72 1 56 30.8 149.4113 1.941889 x x 22.75 22.96 22.46 21.83 22.65 22.63 23.49 -3.0 0.0 -1.0 0.0
20 cosmos_rem_0020 9 57 23.51 1 48 31.6 149.348 1.8087779999999998 x x 23.02 23.11 22.8 22.49 23.26 23.35 24.36 -3.0 0.0 -1.0 0.0
21 cosmos_rem_0021 9 57 21.08 1 51 48.6 149.3378 1.8635 x x 23.41 23.11 23.27 22.96 23.69 23.38 24.65 -3.0 0.0 -1.0 0.0
22 cosmos_rem_0022 10 3 10.13 2 6 40.0 150.7922 2.111111 f2_6 x 23.21 23.01 23.3 22.79 23.67 23.98 25.04 -3.0 -3.0 -1.0 0.0
23 cosmos_rem_0023 10 2 33.78 1 59 29.8 150.6407 1.991611 x x 22.53 22.95 22.46 22.09 22.85 22.86 23.36 -3.0 0.0 -1.0 0.0
24 cosmos_rem_0024 10 2 16.1 2 1 39.4 150.5671 2.0276110000000003 x x 23.32 23.57 23.22 22.77 23.57 23.57 24.18 -3.0 -1.0 -1.0 0.0
25 cosmos_rem_0025 10 2 30.28 2 3 26.6 150.6262 2.057389 x x 23.08 23.07 22.93 22.54 23.39 23.30 24.04 -3.0 0.0 -1.0 0.0
26 cosmos_rem_0026 10 0 56.98 1 59 35.7 150.2374 1.99325 x x 23.41 23.46 23.24 22.76 23.76 23.67 24.25 -3.0 0.0 -1.0 0.0
27 cosmos_rem_0027 10 1 0.97 2 4 56.2 150.254 2.082278 f1_8 x 22.23 22.71 22.66 22.31 23.04 23.43 24.31 -3.0 -3.0 -1.0 0.0
28 cosmos_rem_0028 10 0 31.23 2 0 46.3 150.1301 2.012861 x x 23.11 23.32 22.81 22.04 23.27 23.14 23.62 -3.0 -1.0 -1.0 0.0
29 cosmos_rem_0029 10 0 24.32 2 7 2.2 150.1013 2.1172779999999998 x x 23.29 23.5 22.93 22.24 23.33 23.29 24.00 -3.0 0.0 -1.0 0.0
30 cosmos_rem_0030 9 58 55.28 1 58 9.0 149.7303 1.969167 x x 22.91 23.37 23.03 22.77 23.50 23.66 24.62 -3.0 -3.0 -1.0 0.0
31 cosmos_rem_0031 9 58 12.44 2 4 27.6 149.5518 2.074333 x x 22.38 22.56 22.75 22.38 23.20 23.35 24.80 -3.0 -3.0 -1.0 0.0
32 cosmos_rem_0032 9 58 31.81 2 5 30.1 149.6325 2.091694 x x 23.07 23.88 23.22 22.82 23.88 23.74 24.41 -3.0 0.0 -1.0 0.0
33 cosmos_rem_0033 9 57 37.01 2 2 59.5 149.4042 2.049861 x x 22.6 22.7 22.52 21.95 23.19 23.03 23.70 -3.0 0.0 -1.0 0.0
34 cosmos_rem_0034 9 57 28.19 2 2 2.8 149.3675 2.0341110000000002 x x 23.58 23.83 23.51 22.96 23.72 23.82 24.39 -3.0 0.0 -1.0 0.0
35 cosmos_rem_0035 9 57 23.24 1 57 16.7 149.3468 1.954639 x x 22.66 22.75 23.2 22.88 23.83 24.75 27.49 -3.0 -3.0 -1.0 0.0
36 cosmos_rem_0036 9 57 23.83 1 58 51.3 149.3493 1.9809169999999998 x x 23.51 23.44 23.37 22.87 23.65 23.59 24.27 -3.0 0.0 -1.0 0.0
37 cosmos_rem_0037 10 1 1.91 2 7 48.3 150.258 2.1300830000000004 x x 23.28 23.52 23.12 22.81 23.70 23.69 24.43 -3.0 0.0 -1.0 0.0
38 cosmos_rem_0038 10 1 13.61 2 11 48.0 150.3067 2.1966669999999997 f1_64f2_30 0.978 23.94 23.92 23.32 22.75 23.99 23.90 24.22 -3.0 0.0 -1.0 0.0
39 cosmos_rem_0039 10 0 49.16 2 11 53.1 150.2048 2.198083 f1_24 x 24.59 23.88 23.54 22.97 23.87 23.84 24.48 -3.0 0.0 -1.0 0.0
40 cosmos_rem_0040 9 59 20.66 2 7 51.3 149.8361 2.1309169999999997 x x 23.01 22.88 22.83 22.47 23.25 23.30 24.08 -3.0 0.0 -1.0 0.0
41 cosmos_rem_0041 9 58 58.26 2 11 49.9 149.7428 2.1971939999999996 x x 23.12 23.45 23.14 22.85 23.62 23.60 24.35 -3.0 0.0 -1.0 0.0
42 cosmos_rem_0042 9 58 15.92 2 9 45.3 149.5663 2.162583 x x 22.66 22.88 22.79 22.12 23.30 23.55 24.60 -3.0 -3.0 -1.0 0.0
43 cosmos_rem_0043 9 57 8.67 2 9 26.0 149.2861 2.157222 x x 21.38 21.08 26.73 22.68 23.46 24.43 26.82 -3.0 0.0 -1.0 0.0
44 cosmos_rem_0044 10 2 52.77 2 25 17.9 150.7199 2.421639 x x 23.39 23.37 23.22 22.96 23.81 23.77 24.46 -3.0 0.0 -1.0 0.0
45 cosmos_rem_0045 10 2 12.57 2 19 39.1 150.5524 2.327528 f1_47 x 23.01 23.27 23.2 22.87 23.63 23.64 24.70 -3.0 0.0 -1.0 0.0
46 cosmos_rem_0046 10 2 6.75 2 26 50.2 150.5281 2.447278 x x 22.3 22.46 22.34 22.03 22.75 22.71 23.45 -3.0 0.9302 -1.0 0.0
47 cosmos_rem_0047 10 2 1.37 2 23 20.0 150.5057 2.388889 f2_32 ? 22.54 22.84 22.54 22.25 23.61 23.46 24.06 -3.0 -3.0 -1.0 0.0
48 cosmos_rem_0048 10 1 24.89 2 20 10.5 150.3537 2.33625 x x 23.13 23.56 23.15 22.65 23.52 23.44 23.98 -3.0 0.0 -1.0 0.0
49 cosmos_rem_0049 10 0 57.15 2 26 5.8 150.2381 2.4349439999999998 x x 23.22 23.35 23.19 22.76 23.59 23.65 24.51 -3.0 0.0 -1.0 0.0
50 cosmos_rem_0050 10 0 9.84 2 22 55.6 150.041 2.382111 x x 23.05 23.34 23.22 22.73 23.65 23.96 25.24 -3.0 -3.0 -1.0 0.0
51 cosmos_rem_0051 9 59 55.11 2 21 4.4 149.9796 2.351222 x x 23.34 24.18 23.35 22.97 24.25 24.14 24.90 -3.0 -3.0 -1.0 0.0
52 cosmos_rem_0052 9 59 20.09 2 18 31.8 149.8337 2.3088330000000004 x x 20.68 21.24 21.73 21.04 21.80 22.57 25.15 -3.0 -3.0 -1.0 0.0
53 cosmos_rem_0053 9 59 6.92 2 23 55.4 149.7788 2.3987220000000002 x x 22.21 22.33 22.32 21.84 22.73 22.85 24.07 -3.0 0.0 -1.0 0.0
54 cosmos_rem_0054 9 58 41.21 2 17 42.8 149.6717 2.2952220000000003 x x 23.95 24.6 23.55 22.92 24.01 24.21 25.10 -3.0 -3.0 -1.0 0.0
55 cosmos_rem_0055 9 58 25.39 2 20 22.2 149.6058 2.3395 x x 23.62 24.33 23.39 22.78 23.69 23.62 24.15 -3.0 0.0 -1.0 0.0
56 cosmos_rem_0056 9 58 35.23 2 22 59.6 149.6468 2.383222 x x 23.75 23.66 23.39 22.84 23.83 23.61 24.17 -3.0 0.0 -1.0 0.0
57 cosmos_rem_0057 9 57 48.89 2 18 39.2 149.4537 2.310889 x x 22.66 23.17 22.93 22.35 23.30 23.20 23.95 -3.0 0.0 -1.0 0.0
58 cosmos_rem_0058 9 57 35.02 2 24 54.8 149.3959 2.415222 x x 24.54 23.59 24.1 22.81 24.59 24.22 24.74 -3.0 0.0 -1.0 0.0
59 cosmos_rem_0059 9 57 18.9 2 25 57.4 149.3288 2.432611 x x 23.13 23.18 23.11 22.6 23.33 23.35 24.23 -3.0 0.0 -1.0 0.0
60 cosmos_rem_0060 10 2 57.88 2 27 23.8 150.7412 2.456611 f2_13 0.953 23.45 23.68 22.82 22.16 23.55 23.42 24.00 -3.0 -3.0 -1.0 0.0
61 cosmos_rem_0061 10 3 1.07 2 33 40.0 150.7545 2.561111 x x 23.85 24.71 23.55 22.92 24.35 24.37 24.90 -3.0 -3.0 -1.0 0.0
62 cosmos_rem_0062 10 2 32.96 2 27 28.8 150.6373 2.458 x x 23.45 24.17 23.12 22.68 23.57 23.55 24.23 -3.0 -1.0 -1.0 0.0
63 cosmos_rem_0063 10 1 4.24 2 29 27.9 150.2677 2.491083 x x 23.39 24.44 23.74 23.2 23.85 24.92 25.41 -3.0 -3.0 -1.0 0.0
64 cosmos_rem_0064 10 1 4.14 2 29 29.1 150.2672 2.4914169999999998 f2_47 x 22.98 23.4 23.18 22.6 23.47 23.80 24.95 -3.0 -3.0 -1.0 0.0
65 cosmos_rem_0065 10 0 51.62 2 34 57.2 150.2151 2.5825560000000003 x x 22.72 22.89 23.33 22.99 23.85 24.29 ***** -3.0 -3.0 -1.0 0.0
66 cosmos_rem_0066 10 0 29.77 2 32 1.8 150.124 2.533833 x x 23.51 23.64 23.21 22.91 23.74 23.69 24.28 -3.0 0.0 0.99080002 0.0
67 cosmos_rem_0067 10 0 4.89 2 31 14.1 150.0204 2.5205830000000002 x x 22.96 23.07 23.4 22.84 23.56 23.63 24.91 -3.0 0.0 -1.0 0.0
68 cosmos_rem_0068 9 59 54.7 2 36 40.6 149.9779 2.611278 x x 23.64 23.92 23.75 22.87 24.08 22.86 24.13 -3.0 0.526 -1.0 0.0
69 cosmos_rem_0069 9 58 52.92 2 27 31.3 149.7205 2.458694 x x 22.77 22.93 22.64 22.28 23.26 23.13 23.71 -3.0 0.0 -1.0 0.0
70 cosmos_rem_0070 9 58 59.07 2 32 41.1 149.7461 2.54475 x x 22.5 22.71 22.58 22.33 23.14 23.13 23.81 -3.0 0.0 0.9605 0.0
71 cosmos_rem_0071 9 59 6.4 2 35 41.9 149.7767 2.5949720000000003 x x 22.93 22.96 23.02 22.57 23.29 22.81 23.97 -3.0 0.492 0.49250001 0.0
72 cosmos_rem_0072 9 59 14.05 2 35 53.9 149.8085 2.598306 x x 23.15 23.55 23.31 22.9 23.69 23.21 24.66 -3.0 0.472 0.47279999 0.0
73 cosmos_rem_0073 9 58 38.5 2 28 35.4 149.6604 2.4765 x x 23.34 23.78 23.68 22.74 23.51 24.46 26.60 -3.0 -3.0 -1.0 0.0
74 cosmos_rem_0074 9 57 31.13 2 29 54.2 149.3797 2.498389 x x 23.67 23.51 23.17 22.66 23.83 23.79 24.33 -3.0 -3.0 -1.0 0.0
75 cosmos_rem_0075 9 57 45.89 2 36 47.7 149.4412 2.61325 x x 23.76 23.71 23.8 22.88 24.06 23.89 24.41 -3.0 0.0 -1.0 0.0
76 cosmos_rem_0076 10 2 53.33 2 39 29.8 150.7222 2.6582779999999997 x x 22.19 22.94 22.02 21.71 22.68 22.61 23.25 -3.0 0.0 -1.0 0.0
77 cosmos_rem_0077 10 3 10.42 2 40 29.3 150.7934 2.6748060000000002 x x 23.6 24.64 22.84 22.45 23.15 23.15 24.02 -3.0 0.0 -1.0 0.0
78 cosmos_rem_0078 10 2 51.16 2 43 55.3 150.7132 2.7320279999999997 x x 22.3 22.92 23.23 22.97 23.90 23.96 24.63 -3.0 -3.0 -1.0 0.0
79 cosmos_rem_0079 10 2 30.41 2 37 34.2 150.6267 2.6261669999999997 x x 22.98 23.58 23.01 22.64 23.42 23.40 24.08 -3.0 0.0 -1.0 0.0
80 cosmos_rem_0080 10 1 49.34 2 44 29.8 150.4556 2.7416110000000002 x x 23.67 23.38 23.53 22.93 24.09 24.02 24.68 -3.0 -1.0 -1.0 0.0
81 cosmos_rem_0081 10 2 2.7 2 44 53.2 150.5112 2.748111 x x 23.12 22.78 22.56 22.01 22.84 22.83 23.45 -3.0 0.0 -1.0 0.0
82 cosmos_rem_0082 10 1 45.25 2 45 33.6 150.4385 2.7593330000000003 x x 24.3 23.51 23.58 22.75 23.84 23.69 24.45 -3.0 0.0 -1.0 0.0
83 cosmos_rem_0083 10 1 57.15 2 47 1.3 150.4881 2.7836939999999997 x x 25.89 24.23 23.49 22.81 23.79 23.70 24.33 -3.0 0.0 -1.0 0.0
84 cosmos_rem_0084 10 1 2.94 2 37 40.5 150.2622 2.6279169999999996 x x 22.38 22.43 22.23 21.6 22.95 22.68 23.17 -3.0 0.95 -1.0 0.0
85 cosmos_rem_0085 10 1 11.07 2 44 30.5 150.2961 2.741806 x x 23.41 23.52 23.2 22.8 23.68 23.69 24.40 -3.0 0.0 -1.0 0.0
86 cosmos_rem_0086 10 0 39.07 2 38 21.2 150.1628 2.639222 x x 23.65 23.76 23.19 22.84 23.84 23.65 24.28 -3.0 0.0 -1.0 0.0
87 cosmos_rem_0087 10 0 14.44 2 46 27.8 150.0602 2.7743889999999998 x x 23.35 23.67 23.18 22.69 23.73 23.63 24.51 -3.0 0.0 -1.0 0.0
88 cosmos_rem_0088 9 59 34.07 2 46 17.6 149.892 2.7715560000000004 x x 23.67 23.63 23.01 22.76 23.91 23.97 25.17 -3.0 -3.0 -1.0 0.0
89 cosmos_rem_0089 9 59 25.1 2 43 3.8 149.8546 2.717722 x x 23.55 23.01 23.05 22.6 23.51 23.78 26.33 -3.0 -3.0 -1.0 0.0
90 cosmos_rem_0090 9 58 31.3 2 44 45.2 149.6304 2.745889 x x 22.24 22.4 22.7 22.35 23.16 23.31 25.20 -3.0 -3.0 -1.0 0.0
91 cosmos_rem_0091 9 58 43.73 2 46 30.3 149.6822 2.775083 x x 23.72 23.08 23.16 22.89 23.81 23.63 24.45 -3.0 0.0 0.92559999 0.0
92 cosmos_rem_0092 9 57 59.51 2 42 15.9 149.498 2.704417 x x 23.32 23.74 22.97 22.43 23.42 23.39 23.94 -3.0 0.878 -1.0 0.0
93 cosmos_rem_0093 9 57 38.78 2 45 54.8 149.4116 2.765222 x x 24.35 24.55 23.49 22.97 24.10 23.97 24.61 -3.0 0.0 -1.0 0.0
94 cosmos_rem_0094 10 2 55.61 2 48 20.7 150.7317 2.80575 x x 22.88 22.91 23.12 22.58 23.45 23.52 24.16 -3.0 -1.0 -1.0 0.0
95 cosmos_rem_0095 10 1 52.4 2 48 55.6 150.4683 2.815444 x x -3.0 23.0 23.32 23.0 24.35 24.06 24.52 -3.0 -3.0 -1.0 0.0
96 cosmos_rem_0096 10 0 34.19 2 47 8.1 150.1425 2.7855830000000004 x x 24.09 23.48 23.44 22.77 23.68 23.54 24.17 -3.0 0.0 -1.0 0.0
97 cosmos_rem_0097 9 59 42.58 2 49 2.6 149.9274 2.817389 x x 21.8 22.2 22.8 23.08 23.88 24.36 25.52 -3.0 -3.0 -1.0 0.0
1 cosmos_drz_0001 9 59 5.96 1 23 7.1 149.7748 1.385306 x x -3.0 -3.0 -3.0 21.1 22.36 22.70 24.82 -3.0 -3.0 -1.0 0.0
2 cosmos_drz_0002 10 1 32.02 1 27 43.5 150.3834 1.462083 x x -3.0 -3.0 -3.0 22.59 23.81 23.71 24.29 -3.0 -3.0 -1.0 0.0
3 cosmos_drz_0003 10 1 45.87 1 32 22.6 150.4411 1.539611 f1_9 x -3.0 -3.0 -3.0 23.0 24.29 24.78 27.68 -3.0 -3.0 -1.0 0.0
4 cosmos_drz_0004 10 0 6.64 1 35 39.4 150.0277 1.594278 f1_46 x 21.88 21.32 20.64 22.17 23.85 28.22 ***** -3.0 -3.0 5.9899998 0.0
5 cosmos_drz_0005 9 58 19.62 1 30 27.1 149.5817 1.507528 x x -3.0 -3.0 -3.0 22.69 23.91 24.40 26.75 -3.0 -3.0 -1.0 0.0
6 cosmos_drz_0006 10 1 47.66 1 40 18.3 150.4486 1.67175 x x 22.83 23.24 22.69 21.78 23.17 23.20 23.82 -3.0 0.0 -1.0 0.0
7 cosmos_drz_0007 10 2 5.65 1 38 49.0 150.5235 1.646944 x x 21.52 21.66 24.96 22.99 24.26 24.53 27.52 -3.0 -1.0 -1.0 0.0
8 cosmos_drz_0008 10 1 51.58 1 42 11.7 150.4649 1.70325 f1_15 x 21.56 21.93 22.31 22.74 23.95 24.18 25.63 -3.0 -3.0 -1.0 0.0
9 cosmos_drz_0009 10 0 4.18 1 46 43.0 150.0174 1.7786110000000002 x x 25.79 24.84 23.88 22.9 24.97 24.43 24.89 -3.0 0.0 0.92650002 0.0
10 cosmos_drz_0010 9 59 5.09 1 40 41.8 149.7712 1.678278 x x 20.77 21.38 21.95 22.84 24.08 24.24 ***** -3.0 -3.0 -1.0 0.0
11 cosmos_drz_0011 9 59 8.3 1 45 3.4 149.7846 1.7509439999999998 x x 23.61 23.46 23.16 22.9 24.96 23.95 24.36 -3.0 -3.0 -1.0 0.0
12 cosmos_drz_0012 10 3 24.24 1 55 43.3 150.851 1.928694 x x -3.0 -3.0 -3.0 20.57 21.81 21.89 22.44 -3.0 -3.0 -1.0 0.0
13 cosmos_drz_0013 10 3 13.85 1 49 32.4 150.8077 1.825667 x x -3.0 -3.0 -3.0 22.83 24.17 24.12 24.70 -3.0 -3.0 -1.0 0.0
14 cosmos_drz_0014 10 1 47.87 1 54 30.5 150.4495 1.9084720000000002 f2_33 x -3.0 -3.0 -3.0 22.95 24.31 24.24 25.44 -3.0 -3.0 -1.0 0.0
15 cosmos_drz_0015 10 0 43.48 1 51 31.3 150.1812 1.8586939999999998 f1_76 x 23.68 23.41 22.65 22.59 24.14 24.30 24.45 -3.0 -3.0 -1.0 0.0
16 cosmos_drz_0016 10 0 11.55 1 53 11.7 150.0481 1.8865830000000001 f1_33 x 21.67 21.85 22.17 22.76 23.99 24.26 25.56 -3.0 -3.0 -1.0 0.0
17 cosmos_drz_0017 10 0 4.29 1 55 39.1 150.0179 1.927528 x x 23.34 23.72 23.21 22.32 23.82 23.70 24.24 -3.0 0.0 -1.0 0.0
18 cosmos_drz_0018 9 59 14.2 1 56 40.6 149.8092 1.944611 x x 21.46 21.72 22.31 22.99 24.20 24.95 ***** -3.0 -3.0 -1.0 0.0
19 cosmos_drz_0019 9 58 19.02 1 52 16.9 149.5793 1.871361 x x 21.17 21.64 22.03 22.98 24.25 24.48 26.98 -3.0 -3.0 -1.0 0.0
20 cosmos_drz_0020 9 57 28.84 1 55 30.4 149.3702 1.925111 x x 21.21 21.39 21.9 22.71 24.14 24.28 26.46 -3.0 -3.0 -1.0 0.0
21 cosmos_drz_0021 10 3 1.01 1 59 14.3 150.7542 1.9873060000000002 f1_20 x 22.51 21.99 21.42 22.92 24.51 25.95 28.44 -3.0 -3.0 -1.0 0.0
22 cosmos_drz_0022 10 1 32.87 1 59 28.6 150.387 1.9912779999999999 f1_68f2_37 x -3.0 -3.0 -3.0 22.91 ***** ***** ***** -3.0 -3.0 -1.0 0.0
23 cosmos_drz_0023 10 0 31.23 2 0 46.3 150.1301 2.012861 x x 23.11 23.32 22.81 22.04 23.27 23.14 23.62 -3.0 -1.0 -1.0 0.0
24 cosmos_drz_0024 10 0 14.06 2 0 19.9 150.0586 2.005528 f1_48 x -3.0 -3.0 -3.0 22.97 24.32 24.44 25.33 -3.0 -3.0 -1.0 0.0
25 cosmos_drz_0025 10 0 18.45 2 3 28.7 150.0769 2.057972 f1_32 x 21.76 22.25 22.64 22.63 24.21 25.04 27.69 -3.0 -3.0 -1.0 0.0
26 cosmos_drz_0026 9 59 7.16 1 57 42.8 149.7798 1.961889 x x -3.0 -3.0 -3.0 23.0 24.29 23.62 24.39 -3.0 -3.0 -1.0 0.0
27 cosmos_drz_0027 9 57 37.01 2 2 59.5 149.4042 2.049861 x x 22.6 22.7 22.52 21.95 23.19 23.03 23.70 -3.0 0.0 -1.0 0.0
28 cosmos_drz_0028 10 1 13.61 2 11 48.0 150.3067 2.1966669999999997 x x 23.94 23.92 23.32 22.75 23.99 23.90 24.22 -3.0 0.0 -1.0 0.0
29 cosmos_drz_0029 9 56 53.02 2 16 30.0 149.2209 2.275 x x -3.0 -3.0 -3.0 22.6 23.81 23.70 24.19 -3.0 -3.0 -1.0 0.0
30 cosmos_drz_0030 10 2 1.37 2 23 20.0 150.5057 2.388889 x x 22.54 22.84 22.54 22.25 23.61 23.46 24.06 -3.0 -3.0 -1.0 0.0
31 cosmos_drz_0031 10 1 13.0 2 26 22.4 150.3042 2.439556 f2_34 x 20.77 20.48 19.95 21.49 23.14 26.73 ***** -3.0 -3.0 -1.0 0.0
32 cosmos_drz_0032 9 59 55.11 2 21 4.4 149.9796 2.351222 x x 23.34 24.18 23.35 22.97 24.25 24.14 24.90 -3.0 -3.0 -1.0 0.0
33 cosmos_drz_0033 9 58 52.84 2 25 55.0 149.7202 2.4319439999999997 x x -3.0 -3.0 -3.0 22.98 24.36 23.36 25.19 -3.0 -3.0 -1.0 0.0
34 cosmos_drz_0034 9 58 15.02 2 20 48.9 149.5626 2.346917 x x -3.0 -3.0 -3.0 22.96 24.35 24.72 27.50 -3.0 -3.0 -1.0 0.0
35 cosmos_drz_0035 9 58 42.28 2 25 43.4 149.6762 2.428722 x x 22.36 22.41 22.37 22.95 24.19 24.74 28.88 -3.0 -3.0 -1.0 0.0
36 cosmos_drz_0036 9 58 0.55 2 20 13.1 149.5023 2.3369720000000003 x x 20.97 20.99 21.14 22.17 23.37 24.18 25.44 -3.0 -3.0 -1.0 0.0
37 cosmos_drz_0037 9 57 35.02 2 24 54.8 149.3959 2.415222 x x 24.54 23.59 24.1 22.81 24.59 24.22 24.74 -3.0 0.0 -1.0 0.0
38 cosmos_drz_0038 10 2 57.88 2 27 23.8 150.7412 2.456611 x x 23.45 23.68 22.82 22.16 23.55 23.42 24.00 -3.0 -3.0 -1.0 0.0
39 cosmos_drz_0039 10 3 1.07 2 33 40.0 150.7545 2.561111 x x 23.85 24.71 23.55 22.92 24.35 24.37 24.90 -3.0 -3.0 -1.0 0.0
40 cosmos_drz_0040 10 1 58.8 2 34 30.7 150.495 2.5751939999999998 f2_31 x 21.62 22.06 22.39 22.91 24.26 24.60 27.99 -3.0 -3.0 -1.0 0.0
41 cosmos_drz_0041 10 1 32.23 2 34 56.6 150.3843 2.582389 f2_8 x -3.0 -3.0 -3.0 22.7 23.98 23.96 25.85 -3.0 -3.0 -1.0 0.0
42 cosmos_drz_0042 10 0 47.75 2 33 39.9 150.199 2.561083 x x 20.9 21.45 21.9 22.96 24.22 24.78 ***** -3.0 -3.0 -1.0 0.0
43 cosmos_drz_0043 10 0 31.29 2 36 42.6 150.1304 2.6118330000000003 x x 21.35 21.73 22.16 23.0 24.29 24.52 26.03 -3.0 -3.0 -1.0 0.0
44 cosmos_drz_0044 9 59 54.7 2 36 40.6 149.9779 2.611278 f1_44 x 23.64 23.92 23.75 22.87 24.08 22.86 24.13 -3.0 0.526 -1.0 0.0
45 cosmos_drz_0045 9 59 14.83 2 36 55.1 149.8118 2.6153060000000004 x x 21.26 20.93 20.74 22.1 23.71 29.51 ***** -3.0 -3.0 0.0 0.0
46 cosmos_drz_0046 9 57 24.69 2 33 19.8 149.3529 2.5555 x x 21.01 21.52 21.95 22.9 24.15 24.49 28.20 -3.0 -3.0 -1.0 0.0
47 cosmos_drz_0047 10 3 24.29 2 38 21.2 150.8512 2.639222 x x -3.0 -3.0 -3.0 22.66 23.91 24.22 26.64 -3.0 -3.0 -1.0 0.0
48 cosmos_drz_0048 10 2 36.1 2 40 15.5 150.6504 2.670972 x x 20.89 21.62 22.05 22.95 24.34 24.65 27.24 -3.0 -3.0 -1.0 0.0
49 cosmos_drz_0049 10 2 47.66 2 42 30.1 150.6986 2.708361 x x 21.27 21.93 21.9 22.57 23.95 24.47 27.54 -3.0 -3.0 -1.0 0.0
50 cosmos_drz_0050 10 1 2.94 2 37 40.5 150.2622 2.6279169999999996 x x 22.38 22.43 22.23 21.6 22.95 22.68 23.17 -3.0 0.95 -1.0 0.0
51 cosmos_drz_0051 10 1 22.04 2 37 24.0 150.3418 2.623333 x x 21.27 21.72 22.18 22.9 24.11 24.67 26.96 -3.0 -3.0 -1.0 0.0
52 cosmos_drz_0052 9 59 28.06 2 40 48.5 149.8669 2.680139 x x 21.43 21.85 22.14 22.78 24.10 24.48 27.00 -3.0 -3.0 -1.0 0.0
53 cosmos_drz_0053 10 1 52.4 2 48 55.6 150.4683 2.815444 x x -3.0 23.0 23.32 23.0 24.35 24.06 24.52 -3.0 -3.0 -1.0 0.0
54 cosmos_drz_0054 10 1 35.15 2 54 41.2 150.3965 2.911444 x x -3.0 -3.0 -3.0 22.97 24.24 25.53 27.70 -3.0 -3.0 -1.0 0.0
55 cosmos_drz_0055 10 1 20.31 2 53 32.3 150.3346 2.892306 x x -3.0 -3.0 -3.0 23.0 24.30 24.36 26.14 -3.0 -3.0 -1.0 0.0
56 cosmos_drz_0056 9 59 21.07 2 51 32.5 149.8378 2.859028 x x -3.0 -3.0 -3.0 20.12 21.55 24.84 ***** -3.0 -3.0 -1.0 0.0
57 cosmos_drz_0057 9 58 17.47 2 55 24.0 149.5728 2.923333 x x -3.0 -3.0 -3.0 22.18 24.18 ***** ***** -3.0 -3.0 0.0 0.0
58 cosmos_drz_0058 9 58 8.77 2 48 37.0 149.5365 2.810278 x x 21.05 21.51 21.95 22.85 24.08 24.58 28.81 -3.0 -3.0 -1.0 0.0
59 cosmos_drz_0059 10 1 46.46 2 58 15.9 150.4436 2.971083 x x -3.0 -3.0 -3.0 22.97 25.52 24.26 25.06 -3.0 -3.0 -1.0 0.0
60 cosmos_drz_0060 10 1 1.46 3 1 51.0 150.2561 3.0308330000000003 x x -3.0 -3.0 -3.0 22.81 24.06 24.52 26.80 -3.0 -3.0 -1.0 0.0
61 cosmos_drz_0061 10 0 8.82 3 5 49.3 150.0368 3.097028 x x -3.0 -3.0 -3.0 22.77 24.03 25.51 ***** -3.0 -3.0 -1.0 0.0
62 cosmos_drz_0062 9 59 4.83 2 58 4.6 149.7701 2.9679439999999997 x x -3.0 -3.0 -3.0 22.46 23.69 24.08 26.83 -3.0 -3.0 -1.0 0.0
1 cosmos_wz1_0001 10 1 18.74 1 25 58.1 150.3281 1.432806 f1_14 x -3.0 -3.0 -3.0 22.75 23.76 23.72 24.35 -3.0 -3.0 -1.0 0.0
2 cosmos_wz1_0002 10 0 12.25 1 26 28.6 150.051 1.441278 x x -3.0 -3.0 -3.0 22.83 23.99 23.91 24.37 -3.0 -3.0 -1.0 0.0
3 cosmos_wz1_0003 9 59 5.96 1 23 7.1 149.7748 1.385306 x x -3.0 -3.0 -3.0 21.1 22.36 22.70 24.82 -3.0 -3.0 -1.0 0.0
4 cosmos_wz1_0004 10 2 50.32 1 36 30.8 150.7097 1.6085559999999999 f1_74 x -3.0 -3.0 -3.0 22.92 23.93 24.00 24.74 -3.0 -3.0 -1.0 0.0
5 cosmos_wz1_0005 10 1 32.02 1 27 43.5 150.3834 1.462083 f1_43 ? -3.0 -3.0 -3.0 22.59 23.81 23.71 24.29 -3.0 -3.0 -1.0 0.0
6 cosmos_wz1_0006 10 1 7.94 1 27 42.8 150.2831 1.461889 f1_12 x -3.0 -3.0 -3.0 21.75 22.86 23.31 24.66 -3.0 -3.0 -1.0 0.0
7 cosmos_wz1_0007 9 59 32.33 1 27 6.8 149.8847 1.451889 x x -3.0 -3.0 -3.0 21.24 22.40 22.61 24.13 -3.0 -3.0 -1.0 0.0
8 cosmos_wz1_0008 9 58 58.35 1 33 57.4 149.7431 1.565944 x x -3.0 -3.0 -3.0 22.99 24.13 23.94 24.79 -3.0 -3.0 -1.0 0.0
9 cosmos_wz1_0009 10 2 54.48 1 39 4.6 150.727 1.6512779999999998 f1_17 x -3.0 -3.0 -3.0 21.43 22.49 23.03 24.04 -3.0 -3.0 -1.0 0.0
10 cosmos_wz1_0010 10 0 18.46 1 42 31.9 150.0769 1.708861 f1_71 x -3.0 -3.0 -3.0 22.73 23.75 23.82 24.59 -3.0 -3.0 -1.0 0.0
11 cosmos_wz1_0011 10 3 24.24 1 55 43.3 150.851 1.928694 f1_18f2_28 0.884 -3.0 -3.0 -3.0 20.57 21.81 21.89 22.44 -3.0 -3.0 -1.0 0.0
12 cosmos_wz1_0012 10 3 13.85 1 49 32.4 150.8077 1.825667 f1_66 x -3.0 -3.0 -3.0 22.83 24.17 24.12 24.70 -3.0 -3.0 -1.0 0.0
13 cosmos_wz1_0013 10 2 58.0 1 50 51.6 150.7417 1.8476669999999997 f1_42 0.969 -3.0 -3.0 -3.0 22.13 23.21 23.15 23.58 -3.0 -3.0 -1.0 0.0
14 cosmos_wz1_0014 10 3 12.37 2 6 39.1 150.8015 2.110861 f1_16 x -3.0 -3.0 -3.0 22.99 24.08 24.41 24.79 -3.0 -3.0 -1.0 0.0
15 cosmos_wz1_0015 9 59 7.16 1 57 42.8 149.7798 1.961889 x x -3.0 -3.0 -3.0 23.0 24.29 23.62 24.39 -3.0 -3.0 -1.0 0.0
16 cosmos_wz1_0016 9 58 9.86 2 2 20.7 149.5411 2.039083 x x -3.0 -3.0 -3.0 22.54 23.67 23.61 24.08 -3.0 -3.0 -1.0 0.0
17 cosmos_wz1_0017 9 58 45.24 2 2 41.8 149.6885 2.0449439999999997 x x -3.0 -3.0 -3.0 22.96 23.98 23.19 24.60 -3.0 -3.0 -1.0 0.0
18 cosmos_wz1_0018 10 3 38.01 2 17 2.3 150.9084 2.2839720000000003 f2_2 x -3.0 -3.0 -3.0 22.99 24.00 23.89 24.38 -3.0 -3.0 -1.0 0.0
19 cosmos_wz1_0019 10 3 15.45 2 7 45.7 150.8144 2.129361 f2_26 ? -3.0 -3.0 -3.0 22.37 23.56 23.26 23.88 -3.0 -3.0 -1.0 0.0
20 cosmos_wz1_0020 10 0 53.05 2 16 39.6 150.221 2.2776669999999997 f1_30f2_35 x -3.0 -3.0 -3.0 22.87 23.92 24.07 24.77 -3.0 -3.0 -1.0 0.0
21 cosmos_wz1_0021 10 0 12.87 2 9 33.3 150.0536 2.15925 x x -3.0 -3.0 -3.0 22.84 23.88 23.43 24.45 -3.0 -3.0 -1.0 0.0
22 cosmos_wz1_0022 9 57 29.43 2 8 20.1 149.3726 2.1389169999999997 x x -3.0 -3.0 -3.0 22.97 24.03 24.01 24.92 -3.0 -3.0 -1.0 0.0
23 cosmos_wz1_0023 9 57 54.89 2 8 20.0 149.4787 2.138889 x x -3.0 -3.0 -3.0 22.98 24.00 23.78 24.84 -3.0 -3.0 -1.0 0.0
24 cosmos_wz1_0024 9 56 53.02 2 16 30.0 149.2209 2.275 x x -3.0 -3.0 -3.0 22.6 23.81 23.70 24.19 -3.0 -3.0 -1.0 0.0
25 cosmos_wz1_0025 10 3 18.4 2 22 19.5 150.8267 2.3720830000000004 f2_11 0.967 -3.0 -3.0 -3.0 21.26 22.40 22.35 23.01 -3.0 -3.0 -1.0 0.0
26 cosmos_wz1_0026 9 59 0.08 2 20 33.5 149.7503 2.342639 x x -3.0 -3.0 -3.0 22.68 23.69 23.46 23.86 -3.0 -3.0 -1.0 0.0
27 cosmos_wz1_0027 9 58 47.69 2 18 30.2 149.6987 2.308389 x x -3.0 -3.0 -3.0 22.6 23.73 23.85 24.21 -3.0 -3.0 -1.0 0.0
28 cosmos_wz1_0028 9 56 53.82 2 19 26.4 149.2243 2.324 x x -3.0 -3.0 -3.0 22.85 23.93 24.07 24.82 -3.0 -3.0 -1.0 0.0
29 cosmos_wz1_0029 10 3 38.71 2 36 32.1 150.9113 2.608917 x x -3.0 -3.0 -3.0 22.16 23.20 23.33 23.83 -3.0 -3.0 -1.0 0.0
30 cosmos_wz1_0030 9 58 55.28 2 35 42.3 149.7303 2.5950830000000003 x x -3.0 -3.0 -3.0 22.65 23.69 23.45 24.06 -3.0 -3.0 -1.0 0.0
31 cosmos_wz1_0031 9 57 15.42 2 27 49.6 149.3142 2.463778 x x -3.0 -3.0 -3.0 22.71 23.81 23.77 24.75 -3.0 -3.0 -1.0 0.0
32 cosmos_wz1_0032 10 2 5.49 2 45 8.8 150.5229 2.7524439999999997 x x -3.0 -3.0 -3.0 22.3 23.35 24.09 24.81 -3.0 -3.0 -1.0 0.0
33 cosmos_wz1_0033 10 2 10.62 2 51 19.0 150.5443 2.8552779999999998 x x -3.0 -3.0 -3.0 22.37 23.49 23.43 24.15 -3.0 -3.0 -1.0 0.0
34 cosmos_wz1_0034 10 2 25.55 2 53 33.0 150.6065 2.8925 x x -3.0 -3.0 -3.0 22.76 23.81 23.92 24.80 -3.0 -3.0 -1.0 0.0
35 cosmos_wz1_0035 10 1 4.11 2 51 41.3 150.2671 2.861472 x x -3.0 -3.0 -3.0 21.98 23.07 23.09 23.90 -3.0 -3.0 -1.0 0.0
36 cosmos_wz1_0036 10 0 42.38 2 54 25.4 150.1766 2.9070560000000003 x x -3.0 -3.0 -3.0 22.85 23.88 24.11 24.75 -3.0 -3.0 -1.0 0.0
37 cosmos_wz1_0037 9 59 54.08 2 56 10.6 149.9753 2.9362779999999997 x x -3.0 -3.0 -3.0 22.67 23.81 23.72 23.85 -3.0 -3.0 -1.0 0.0
38 cosmos_wz1_0038 9 59 53.74 2 56 44.9 149.9739 2.945806 x x -3.0 -3.0 -3.0 22.78 23.88 23.73 24.27 -3.0 -3.0 -1.0 0.0
39 cosmos_wz1_0039 10 0 55.82 2 57 48.5 150.2326 2.9634720000000003 x x -3.0 -3.0 -3.0 22.95 24.00 24.20 24.74 -3.0 -3.0 -1.0 0.0
40 cosmos_wz1_0040 10 0 15.43 2 58 33.8 150.0643 2.9760560000000003 x x -3.0 -3.0 -3.0 22.96 24.12 23.81 24.13 -3.0 -3.0 -1.0 0.0
41 cosmos_wz1_0041 9 58 40.2 2 57 45.2 149.6675 2.962556 x x -3.0 -3.0 -3.0 22.87 23.92 23.77 24.37 -3.0 -3.0 -1.0 0.0
